0.6543
0.6546
0.6549
0.6552
0.6543
0.6546
0.6537
0.6558
0.6543
0.6540
0.6546
0.6558
0.6549
0.6558
0.6555
0.6564
0.6570
0.6564
0.6577
0.6577
0.6592
0.6592
0.6589
0.6589
0.6586
0.6583
0.6586
0.6595
0.6583
0.6589
0.6583
0.6589
0.6589
0.6573
0.6589
0.6586
0.6598
0.6601
0.6604
0.6586
0.6607
0.6601
0.6586
0.6601
0.6592
0.6583
0.6583
0.6592
0.6616
0.6580
0.6580
0.6577
0.6577
0.6577
0.6586
0.6586
0.6586
0.6592
0.6583
0.6586
0.6583
0.6592
0.6583
0.6583
0.6573
0.6577
0.6580
0.6586
0.6577
0.6567
0.6558
0.6558
0.6555
0.6555
0.6558
0.6564
0.6564
0.6546
0.6549
0.6558
0.6558
0.6577
0.6570
0.6601
0.6561
0.6577
0.6558
0.6570
0.6577
0.6564
0.6586
0.6570
0.6586
0.6577
0.6592
0.6583
0.6586
0.6601
0.6592
0.6589
0.6589
0.6595
0.6610
0.6607
0.6616
0.6619
0.6631
0.6622
0.6622
0.6604
0.6613
0.6598
0.6607
0.6592
0.6573
0.6573
0.6573
0.6570
0.6570
0.6564
0.6558
0.6561
0.6546
0.6543
0.6537
0.6531
0.6549
0.6537
0.6534
0.6528
0.6537
0.6540
0.6540
0.6546
0.6543
0.6540
0.6552
0.6549
0.6558
0.6543
0.6552
0.6549
0.6534
0.6534
0.6534
0.6543
0.6534
0.6555
0.6555
0.6558
0.6558
0.6558
0.6573
0.6561
0.6570
0.6570
0.6577
0.6586
0.6583
0.6577
0.6583
0.6586
0.6577
0.6583
0.6570
0.6583
0.6583
0.6583
0.6586
0.6583
0.6580
0.6580
0.6601
0.6583
0.6595
0.6601
0.6610
0.6613
0.6610
0.6616
0.6625
0.6622
0.6631
0.6641
0.6644
0.6638
0.6641
0.6653
0.6647
0.6644
0.6638
0.6638
0.6641
0.6641
0.6628
0.6625
0.6635
0.6622
0.6625
0.6604
0.6601
0.6598
0.6604
0.6616
0.6598
0.6592
0.6598
0.6583
0.6595
0.6577
0.6583
0.6583
0.6567
0.6573
0.6567
0.6561
0.6561
0.6564
0.6570
0.6567
0.6583
0.6577
0.6583
0.6586
0.6586
0.6604
0.6607
0.6616
0.6607
0.6625
0.6625
0.6625
0.6625
0.6625
0.6644
0.6644
0.6644
0.6650
0.6644
0.6638
0.6631
0.6641
0.6644
0.6631
0.6616
0.6625
0.6607
0.6610
0.6610
0.6607
0.6598
0.6604
0.6607
0.6595
0.6604
0.6595
0.6598
0.6595
0.6601
0.6592
0.6592
0.6604
0.6595
0.6601
0.6595
0.6598
0.6604
0.6604
0.6598
0.6604
0.6607
0.6604
0.6613
0.6616
0.6607
0.6619
0.6622
0.6622
0.6625
0.6616
0.6638
0.6622
0.6625
0.6635
0.6628
0.6613
0.6604
0.6595
0.6589
0.6580
0.6580
0.6583
0.6573
0.6561
0.6564
0.6552
0.6564
0.6567
0.6567
0.6558
0.6567
0.6570
0.6564
0.6570
0.6570
0.6577
0.6580
0.6580
0.6580
0.6583
0.6595
0.6589
0.6607
0.6592
0.6595
0.6601
0.6619
0.6625
0.6619
0.6616
0.6625
0.6613
0.6625
0.6622
0.6616
0.6613
0.6616
0.6613
0.6607
0.6589
0.6604
0.6592
0.6595
0.6595
0.6595
0.6589
0.6589
0.6592
0.6583
0.6598
0.6595
0.6610
0.6610
0.6595
0.6604
0.6601
0.6604
0.6616
0.6622
0.6604
0.6607
0.6625
0.6628
0.6616
0.6625
0.6628
0.6622
0.6631
0.6628
0.6610
0.6622
0.6607
0.6616
0.6601
0.6592
0.6592
0.6589
0.6583
0.6583
0.6586
0.6586
0.6592
0.6592
0.6601
0.6604
0.6598
0.6598
0.6610
0.6610
0.6619
0.6641
0.6628
0.6625
0.6625
0.6619
0.6616
0.6595
0.6607
0.6601
0.6586
0.6589
0.6586
0.6580
0.6577
0.6577
0.6573
0.6558
0.6577
0.6552
0.6555
0.6564
0.6561
0.6561
0.6573
0.6567
0.6573
0.6580
0.6573
0.6577
0.6595
0.6601
0.6595
0.6607
0.6601
0.6607
0.6601
0.6589
0.6601
0.6586
0.6595
0.6589
0.6580
0.6586
0.6580
0.6589
0.6595
0.6592
0.6595
0.6592
0.6586
0.6589
0.6570
0.6583
0.6577
0.6580
0.6577
0.6580
0.6589
0.6570
0.6583
0.6589
0.6595
0.6583
0.6586
0.6592
0.6604
0.6598
0.6589
0.6586
0.6595
0.6598
0.6598
0.6589
0.6577
0.6580
0.6577
0.6583
0.6580
0.6573
0.6586
0.6577
0.6573
0.6610
0.6580
0.6595
0.6598
0.6586
0.6601
0.6598
0.6607
0.6607
0.6601
0.6601
0.6613
0.6613
0.6616
0.6622
0.6631
0.6631
0.6622
0.6625
0.6631
0.6625
0.6622
0.6638
0.6622
0.6613
0.6616
0.6613
0.6601
0.6598
0.6601
0.6595
0.6595
0.6583
0.6589
0.6577
0.6570
0.6586
0.6564
0.6583
0.6570
0.6580
0.6577
0.6580
0.6561
0.6570
0.6573
0.6552
0.6570
0.6558
0.6558
0.6567
0.6564
0.6555
0.6564
0.6564
0.6561
0.6561
0.6561
0.6570
0.6570
0.6558
0.6570
0.6580
0.6577
0.6583
0.6583
0.6592
0.6592
0.6598
0.6592
0.6595
0.6601
0.6625
0.6631
0.6628
0.6644
0.6638
0.6641
0.6644
0.6644
0.6647
0.6638
0.6641
0.6650
0.6641
0.6656
0.6647
0.6644
0.6647
0.6650
0.6647
0.6631
0.6647
0.6641
0.6635
0.6631
0.6619
0.6635
0.6625
0.6635
0.6628
0.6631
0.6619
0.6625
0.6625
0.6616
0.6616
0.6616
0.6604
0.6598
0.6607
0.6607
0.6595
0.6598
0.6595
0.6589
0.6601
0.6595
0.6592
0.6583
0.6601
0.6570
0.6586
0.6573
0.6583
0.6577
0.6570
0.6570
0.6570
0.6561
0.6573
0.6564
0.6570
0.6564
0.6577
0.6558
0.6534
0.6543
0.6564
0.6577
0.6586
0.6583
0.6598
0.6607
0.6613
0.6616
0.6619
0.6610
0.6625
0.6631
0.6668
0.6625
0.6641
0.6635
0.6628
0.6647
0.6635
0.6638
0.6625
0.6628
0.6631
0.6622
0.6631
0.6625
0.6625
0.6622
0.6616
0.6616
0.6616
0.6635
0.6635
0.6628
0.6628
0.6644
0.6638
0.6650
0.6638
0.6641
0.6641
0.6641
0.6644
0.6647
0.6650
0.6662
0.6650
0.6650
0.6653
0.6650
0.6638
0.6622
0.6622
0.6628
0.6628
0.6619
0.6604
0.6613
0.6598
0.6595
0.6580
0.6583
0.6573
0.6577
0.6583
0.6570
0.6577
0.6580
0.6577
0.6589
0.6592
0.6592
0.6592
0.6595
0.6595
0.6583
0.6589
0.6592
0.6589
0.6592
0.6604
0.6604
0.6601
0.6607
0.6607
0.6610
0.6625
0.6619
0.6613
0.6616
0.6613
0.6607
0.6592
0.6604
0.6607
0.6613
0.6601
0.6592
0.6595
0.6598
0.6610
0.6622
0.6610
0.6610
0.6619
0.6616
0.6628
0.6625
0.6628
0.6616
0.6628
0.6628
0.6622
0.6625
0.6625
0.6622
0.6619
0.6622
0.6622
0.6638
0.6635
0.6631
0.6625
0.6625
0.6625
0.6619
0.6616
0.6622
0.6607
0.6619
0.6616
0.6616
0.6613
0.6592
0.6598
0.6604
0.6601
0.6592
0.6592
0.6598
0.6601
0.6604
0.6598
0.6595
0.6598
0.6604
0.6595
0.6607
0.6595
0.6592
0.6598
0.6595
0.6583
0.6586
0.6580
0.6577
0.6580
0.6567
0.6555
0.6567
0.6555
0.6564
0.6558
0.6552
0.6546
0.6552
0.6546
0.6546
0.6546
0.6549
0.6543
0.6546
0.6537
0.6546
0.6555
0.6540
0.6543
0.6534
0.6531
0.6549
0.6534
0.6543
0.6543
0.6549
0.6543
0.6555
0.6552
0.6564
0.6567
0.6583
0.6573
0.6573
0.6580
0.6580
0.6589
0.6580
0.6583
0.6583
0.6595
0.6589
0.6613
0.6570
0.6604
0.6601
0.6613
0.6613
0.6613
0.6613
0.6613
0.6619
0.6616
0.6616
0.6616
0.6604
0.6619
0.6607
0.6610
0.6595
0.6595
0.6586
0.6573
0.6573
0.6570
0.6573
0.6567
0.6564
0.6570
0.6570
0.6577
0.6573
0.6577
0.6577
0.6583
0.6592
0.6601
0.6601
0.6592
0.6598
0.6601
0.6595
0.6616
0.6610
0.6613
0.6616
0.6628
0.6619
0.6610
0.6607
0.6607
0.6610
0.6592
0.6583
0.6583
0.6577
0.6580
0.6567
0.6564
0.6573
0.6558
0.6564
0.6567
0.6580
0.6577
0.6577
0.6583
0.6592
0.6589
0.6592
0.6586
0.6577
0.6577
0.6573
0.6573
0.6555
0.6561
0.6549
0.6552
0.6537
0.6531
0.6537
0.6528
0.6531
0.6528
0.6519
0.6534
0.6531
0.6543
0.6534
0.6534
0.6558
0.6558
0.6549
0.6552
0.6555
0.6561
0.6567
0.6564
0.6555
0.6564
0.6552
0.6558
0.6516
0.6540
0.6543
0.6534
0.6531
0.6519
0.6525
0.6509
0.6516
0.6528
0.6519
0.6519
0.6522
0.6537
0.6534
0.6543
0.6540
0.6543
0.6552
0.6546
0.6555
0.6552
0.6555
0.6567
0.6577
0.6567
0.6567
0.6580
0.6589
0.6592
0.6592
0.6595
0.6607
0.6610
0.6613
0.6616
0.6604
0.6604
0.6604
0.6604
0.6607
0.6613
0.6604
0.6598
0.6595
0.6592
0.6573
0.6577
0.6567
0.6567
0.6580
0.6570
0.6561
0.6577
0.6580
0.6573
0.6583
0.6573
0.6583
0.6573
0.6577
0.6570
0.6573
0.6577
0.6577
0.6567
0.6577
0.6573
0.6577
0.6586
0.6573
0.6595
0.6595
0.6595
0.6607
0.6616
0.6619
0.6613
0.6625
0.6616
0.6613
0.6622
0.6631
0.6625
0.6631
0.6622
0.6641
0.6647
0.6644
0.6638
0.6644
0.6644
0.6628
0.6644
0.6653
0.6650
0.6656
0.6662
0.6671
0.6656
0.6671
0.6665
0.6659
0.6659
0.6665
0.6659
0.6656
0.6650
0.6650
0.6656
0.6647
0.6647
0.6644
0.6653
0.6631
0.6635
0.6616
0.6619
0.6604
0.6607
0.6601
0.6598
0.6595
0.6598
0.6595
0.6601
0.6592
0.6592
0.6610
0.6592
0.6601
0.6601
0.6586
0.6604
0.6595
0.6595
0.6595
0.6592
0.6610
0.6598
0.6589
0.6601
0.6592
0.6607
0.6589
0.6592
0.6589
0.6589
0.6586
0.6595
0.6598
0.6598
0.6604
0.6604
0.6589
0.6583
0.6586
0.6589
0.6589
0.6583
0.6573
0.6570
0.6567
0.6549
0.6552
0.6537
0.6537
0.6546
0.6543
0.6525
0.6543
0.6540
0.6540
0.6537
0.6543
0.6549
0.6537
0.6540
0.6552
0.6552
0.6552
0.6552
0.6564
0.6558
0.6552
0.6543
0.6570
0.6558
0.6561
0.6567
0.6567
0.6567
0.6570
0.6583
0.6570
0.6577
0.6577
0.6583
0.6598
0.6601
0.6604
0.6601
0.6604
0.6601
0.6595
0.6601
0.6607
0.6592
0.6610
0.6601
0.6607
0.6610
0.6616
0.6610
0.6610
0.6573
0.6604
0.6610
0.6598
0.6595
0.6595
0.6598
0.6595
0.6607
0.6607
0.6607
0.6613
0.6607
0.6604
0.6607
0.6607
0.6601
0.6595
0.6589
0.6598
0.6595
0.6573
0.6583
0.6564
0.6573
0.6564
0.6564
0.6564
0.6558
0.6561
0.6573
0.6577
0.6589
0.6589
0.6595
0.6586
0.6601
0.6598
0.6601
0.6607
0.6613
0.6619
0.6625
0.6616
0.6616
0.6628
0.6628
0.6625
0.6619
0.6607
0.6598
0.6610
0.6610
0.6616
0.6604
0.6604
0.6616
0.6610
0.6625
0.6625
0.6625
0.6616
0.6625
0.6622
0.6616
0.6616
0.6625
0.6613
0.6619
0.6619
0.6607
0.6610
0.6607
0.6592
0.6589
0.6598
0.6586
0.6592
0.6586
0.6589
0.6570
0.6570
0.6567
0.6564
0.6570
0.6570
0.6570
0.6564
0.6558
0.6570
0.6567
0.6573
0.6558
0.6567
0.6558
0.6570
0.6558
0.6555
0.6558
0.6558
0.6552
0.6552
0.6543
0.6537
0.6534
0.6537
0.6543
0.6543
0.6531
0.6531
0.6528
0.6540
0.6522
0.6540
0.6525
0.6534
0.6543
0.6537
0.6531
0.6552
0.6546
0.6543
0.6543
0.6540
0.6546
0.6531
0.6540
0.6537
0.6543
0.6531
0.6543
0.6558
0.6549
0.6555
0.6558
0.6561
0.6564
0.6570
0.6567
0.6577
0.6598
0.6595
0.6610
0.6607
0.6616
0.6631
0.6631
0.6635
0.6635
0.6638
0.6638
0.6616
0.6644
0.6622
0.6631
0.6631
0.6628
0.6625
0.6619
0.6625
0.6619
0.6613
0.6610
0.6604
0.6610
0.6610
0.6604
0.6595
0.6601
0.6601
0.6595
0.6595
0.6595
0.6589
0.6586
0.6589
0.6586
0.6592
0.6573
0.6577
0.6573
0.6595
0.6583
0.6592
0.6586
0.6598
0.6586
0.6589
0.6589
0.6586
0.6583
0.6601
0.6580
0.6586
0.6570
0.6573
0.6577
0.6577
0.6570
0.6558
0.6558
0.6570
0.6561
0.6561
0.6558
0.6567
0.6573
0.6567
0.6570
0.6567
0.6589
0.6570
0.6577
0.6570
0.6577
0.6573
0.6583
0.6567
0.6577
0.6567
0.6570
0.6586
0.6586
0.6586
0.6573
0.6586
0.6586
0.6561
0.6567
0.6558
0.6564
0.6558
0.6540
0.6534
0.6543
0.6546
0.6543
0.6549
0.6564
0.6558
0.6570
0.6564
0.6570
0.6577
0.6577
0.6592
0.6595
0.6613
0.6601
0.6601
0.6607
0.6619
0.6619
0.6631
0.6641
0.6641
0.6653
0.6662
0.6647
0.6659
0.6665
0.6656
0.6662
0.6674
0.6653
0.6653
0.6662
0.6656
0.6647
0.6653
0.6650
0.6659
0.6644
0.6653
0.6635
0.6635
0.6650
0.6635
0.6644
0.6628
0.6644
0.6628
0.6625
0.6641
0.6638
0.6641
0.6644
0.6656
0.6641
0.6656
0.6650
0.6644
0.6641
0.6631
0.6635
0.6644
0.6647
0.6641
0.6635
0.6641
0.6644
0.6638
0.6647
0.6650
0.6656
0.6662
0.6656
0.6656
0.6668
0.6650
0.6653
0.6653
0.6650
0.6641
0.6641
0.6641
0.6635
0.6625
0.6619
0.6622
0.6613
0.6592
0.6616
0.6619
0.6610
0.6622
0.6625
0.6641
0.6638
0.6638
0.6635
0.6638
0.6641
0.6653
0.6650
0.6641
0.6641
0.6644
0.6625
0.6619
0.6622
0.6616
0.6616
0.6601
0.6598
0.6601
0.6589
0.6595
0.6607
0.6595
0.6604
0.6598
0.6595
0.6610
0.6604
0.6601
0.6607
0.6598
0.6607
0.6610
0.6610
0.6613
0.6610
0.6610
0.6622
0.6622
0.6619
0.6622
0.6625
0.6622
0.6622
0.6628
0.6613
0.6619
0.6610
0.6622
0.6607
0.6601
0.6610
0.6604
0.6613
0.6601
0.6601
0.6616
0.6601
0.6625
