0.4062
0.4053
0.4062
0.4056
0.4050
0.4059
0.4050
0.4053
0.4059
0.4062
0.4062
0.4062
0.4068
0.4068
0.4068
0.4062
0.4068
0.4068
0.4059
0.4071
0.4068
0.4074
0.4071
0.4065
0.4077
0.4068
0.4065
0.4062
0.4068
0.4062
0.4077
0.4077
0.4077
0.4077
0.4074
0.4065
0.4056
0.4053
0.4065
0.4062
0.4053
0.4050
0.4062
0.4062
0.4053
0.4062
0.4056
0.4062
0.4065
0.4047
0.4059
0.4050
0.4053
0.4059
0.4053
0.4050
0.4050
0.4037
0.4044
0.4037
0.4034
0.4037
0.4050
0.4037
0.4041
0.4034
0.4044
0.4044
0.4050
0.4050
0.4056
0.4056
0.4062
0.4050
0.4053
0.4053
0.4059
0.4056
0.4065
0.4059
0.4059
0.4056
0.4065
0.4053
0.4053
0.4053
0.4071
0.4059
0.4059
0.4065
0.4056
0.4062
0.4068
0.4065
0.4074
0.4059
0.4068
0.4068
0.4059
0.4062
0.4062
0.4068
0.4077
0.4065
0.4068
0.4071
0.4068
0.4077
0.4068
0.4071
0.4080
0.4080
0.4068
0.4068
0.4077
0.4074
0.4062
0.4074
0.4077
0.4074
0.4074
0.4065
0.4062
0.4068
0.4059
0.4062
0.4068
0.4068
0.4062
0.4071
0.4071
0.4074
0.4068
0.4074
0.4068
0.4074
0.4062
0.4068
0.4071
0.4065
0.4056
0.4062
0.4059
0.4068
0.4056
0.4047
0.4062
0.4068
0.4053
0.4053
0.4047
0.4059
0.4056
0.4059
0.4053
0.4059
0.4053
0.4050
0.4065
0.4053
0.4056
0.4059
0.4056
0.4065
0.4065
0.4062
0.4062
0.4071
0.4056
0.4068
0.4062
0.4071
0.4068
0.4062
0.4077
0.4092
0.4059
0.4068
0.4074
0.4077
0.4083
0.4071
0.4068
0.4083
0.4068
0.4068
0.4071
0.4071
0.4068
0.4068
0.4074
0.4074
0.4083
0.4074
0.4077
0.4068
0.4074
0.4068
0.4068
0.4068
0.4074
0.4083
0.4083
0.4074
0.4080
0.4083
0.4083
0.4089
0.4095
0.4099
0.4102
0.4089
0.4086
0.4092
0.4095
0.4089
0.4095
0.4095
0.4089
0.4092
0.4095
0.4102
0.4089
0.4099
0.4095
0.4099
0.4077
0.4074
0.4074
0.4074
0.4071
0.4083
0.4077
0.4065
0.4080
0.4068
0.4062
0.4065
0.4065
0.4068
0.4062
0.4059
0.4059
0.4065
0.4068
0.4056
0.4068
0.4062
0.4071
0.4062
0.4068
0.4062
0.4059
0.4080
0.4077
0.4071
0.4065
0.4062
0.4071
0.4062
0.4074
0.4074
0.4077
0.4080
0.4071
0.4071
0.4080
0.4071
0.4062
0.4071
0.4077
0.4071
0.4065
0.4068
0.4077
0.4065
0.4059
0.4059
0.4065
0.4053
0.4053
0.4068
0.4074
0.4053
0.4068
0.4062
0.4062
0.4053
0.4053
0.4056
0.4062
0.4053
0.4062
0.4059
0.4062
0.4053
0.4056
0.4068
0.4059
0.4062
0.4047
0.4047
0.4059
0.4044
0.4044
0.4047
0.4056
0.4053
0.4050
0.4056
0.4053
0.4047
0.4053
0.4053
0.4053
0.4053
0.4047
0.4059
0.4047
0.4056
0.4062
0.4062
0.4047
0.4056
0.4059
0.4056
0.4059
0.4050
0.4062
0.4068
0.4056
0.4062
0.4062
0.4050
0.4056
0.4053
0.4053
0.4056
0.4053
0.4053
0.4062
0.4053
0.4053
0.4053
0.4062
0.4047
0.4056
0.4053
0.4053
0.4034
0.4041
0.4034
0.4044
0.4044
0.4037
0.4047
0.4044
0.4028
0.4031
0.4034
0.4050
0.4041
0.4056
0.4047
0.4050
0.4050
0.4053
0.4050
0.4062
0.4059
0.4056
0.4053
0.4062
0.4053
0.4056
0.4062
0.4062
0.4053
0.4059
0.4053
0.4059
0.4068
0.4056
0.4056
0.4068
0.4068
0.4037
0.4071
0.4065
0.4074
0.4068
0.4071
0.4062
0.4068
0.4068
0.4071
0.4071
0.4068
0.4053
0.4059
0.4071
0.4059
0.4065
0.4056
0.4059
0.4065
0.4065
0.4062
0.4056
0.4056
0.4071
0.4068
0.4068
0.4068
0.4071
0.4062
0.4065
0.4065
0.4065
0.4065
0.4068
0.4062
0.4074
0.4062
0.4074
0.4041
0.4059
0.4065
0.4068
0.4062
0.4068
0.4059
0.4059
0.4065
0.4059
0.4068
0.4065
0.4065
0.4056
0.4071
0.4071
0.4062
0.4068
0.4071
0.4071
0.4059
0.4065
0.4065
0.4071
0.4068
0.4071
0.4062
0.4068
0.4056
0.4059
0.4074
0.4068
0.4083
0.4071
0.4080
0.4071
0.4074
0.4071
0.4074
0.4074
0.4074
0.4071
0.4083
0.4086
0.4071
0.4077
0.4080
0.4083
0.4080
0.4071
0.4074
0.4080
0.4071
0.4071
0.4083
0.4077
0.4071
0.4077
0.4068
0.4074
0.4068
0.4080
0.4071
0.4080
0.4071
0.4083
0.4086
0.4074
0.4086
0.4083
0.4080
0.4083
0.4083
0.4077
0.4083
0.4083
0.4086
0.4083
0.4074
0.4080
0.4071
0.4080
0.4062
0.4068
0.4056
0.4059
0.4053
0.4065
0.4050
0.4062
0.4053
0.4065
0.4065
0.4056
0.4056
0.4065
0.4065
0.4071
0.4074
0.4071
0.4065
0.4065
0.4074
0.4068
0.4071
0.4080
0.4062
0.4074
0.4071
0.4083
0.4071
0.4065
0.4071
0.4062
0.4062
0.4062
0.4062
0.4062
0.4077
0.4080
0.4065
0.4074
0.4071
0.4059
0.4068
0.4068
0.4077
0.4062
0.4059
0.4062
0.4071
0.4071
0.4068
0.4059
0.4077
0.4059
0.4065
0.4068
0.4062
0.4068
0.4056
0.4050
0.4059
0.4053
0.4068
0.4062
0.4071
0.4053
0.4059
0.4068
0.4062
0.4068
0.4068
0.4056
0.4065
0.4077
0.4065
0.4071
0.4065
0.4071
0.4074
0.4068
0.4065
0.4065
0.4068
0.4059
0.4056
0.4062
0.4053
0.4056
0.4053
0.4059
0.4062
0.4068
0.4062
0.4053
0.4068
0.4068
0.4062
0.4074
0.4077
0.4074
0.4068
0.4074
0.4062
0.4080
0.4074
0.4071
0.4071
0.4086
0.4068
0.4068
0.4068
0.4077
0.4080
0.4065
0.4077
0.4068
0.4068
0.4059
0.4062
0.4056
0.4062
0.4065
0.4053
0.4059
0.4062
0.4050
0.4059
0.4059
0.4050
0.4059
0.4044
0.4056
0.4059
0.4053
0.4059
0.4056
0.4056
0.4068
0.4053
0.4068
0.4062
0.4065
0.4068
0.4068
0.4065
0.4056
0.4053
0.4065
0.4056
0.4053
0.4056
0.4059
0.4065
0.4050
0.4053
0.4059
0.4047
0.4071
0.4053
0.4053
0.4056
0.4062
0.4074
0.4068
0.4056
0.4068
0.4071
0.4059
0.4065
0.4062
0.4071
0.4065
0.4071
0.4056
0.4068
0.4056
0.4059
0.4068
0.4053
0.4092
0.4062
0.4059
0.4056
0.4050
0.4059
0.4053
0.4028
0.4053
0.4047
0.4053
0.4050
0.4056
0.4053
0.4044
0.4047
0.4062
0.4047
0.4062
0.4044
0.4059
0.4062
0.4056
0.4056
0.4062
0.4050
0.4059
0.4056
0.4071
0.4062
0.4074
0.4071
0.4068
0.4068
0.4077
0.4074
0.4077
0.4068
0.4074
0.4080
0.4077
0.4080
0.4071
0.4089
0.4086
0.4071
0.4080
0.4074
0.4086
0.4077
0.4077
0.4083
0.4092
0.4074
0.4080
0.4092
0.4083
0.4089
0.4086
0.4086
0.4092
0.4086
0.4095
0.4086
0.4089
0.4092
0.4092
0.4083
0.4095
0.4080
0.4080
0.4083
0.4083
0.4074
0.4077
0.4080
0.4068
0.4077
0.4065
0.4074
0.4074
0.4077
0.4074
0.4062
0.4053
0.4059
0.4071
0.4068
0.4068
0.4068
0.4074
0.4068
0.4071
0.4077
0.4062
0.4071
0.4077
0.4074
0.4071
0.4077
0.4068
0.4083
0.4071
0.4074
0.4068
0.4068
0.4071
0.4062
0.4074
0.4080
0.4068
0.4074
0.4068
0.4068
0.4077
0.4074
0.4080
0.4077
0.4086
0.4083
0.4083
0.4080
0.4080
0.4089
0.4074
0.4083
0.4083
0.4086
0.4086
0.4074
0.4089
0.4080
0.4086
0.4083
0.4077
0.4092
0.4089
0.4092
0.4092
0.4086
0.4092
0.4095
0.4095
0.4089
0.4086
0.4092
0.4102
0.4092
0.4102
0.4086
0.4102
0.4102
0.4086
0.4089
0.4092
0.4092
0.4080
0.4083
0.4089
0.4086
0.4071
0.4086
0.4089
0.4077
0.4080
0.4092
0.4089
0.4092
0.4092
0.4086
0.4086
0.4102
0.4095
0.4092
0.4102
0.4086
0.4099
0.4089
0.4086
0.4092
0.4086
0.4092
0.4102
0.4102
0.4089
0.4102
0.4102
0.4092
0.4092
0.4099
0.4092
0.4108
0.4099
0.4105
0.4092
0.4105
0.4089
0.4095
0.4080
0.4080
0.4089
0.4089
0.4080
0.4080
0.4077
0.4086
0.4080
0.4089
0.4080
0.4074
0.4086
0.4092
0.4089
0.4099
0.4095
0.4092
0.4099
0.4102
0.4095
0.4089
0.4102
0.4092
0.4095
0.4105
0.4089
0.4092
0.4095
0.4092
0.4092
0.4095
0.4095
0.4086
0.4095
0.4092
0.4102
0.4108
0.4102
0.4099
0.4099
0.4105
0.4111
0.4111
0.4102
0.4099
0.4099
0.4099
0.4099
0.4099
0.4102
0.4095
0.4099
0.4105
0.4102
0.4108
0.4089
0.4105
0.4105
0.4102
0.4089
0.4095
0.4092
0.4102
0.4105
0.4099
0.4086
0.4086
0.4080
0.4089
0.4080
0.4083
0.4086
0.4077
0.4068
0.4071
0.4068
0.4080
0.4083
0.4068
0.4071
0.4074
0.4080
0.4080
0.4083
0.4077
0.4080
0.4086
0.4077
0.4068
0.4071
0.4068
0.4077
0.4068
0.4071
0.4068
0.4074
0.4071
0.4077
0.4068
0.4074
0.4065
0.4071
0.4080
0.4068
0.4062
0.4068
0.4068
0.4068
0.4068
0.4065
0.4050
0.4056
0.4062
0.4053
0.4053
0.4062
0.4059
0.4053
0.4062
0.4056
0.4056
0.4053
0.4053
0.4053
0.4065
0.4056
0.4056
0.4065
0.4053
0.4053
0.4056
0.4053
0.4044
0.4034
0.4041
0.4047
0.4044
0.4037
0.4050
0.4056
0.4050
0.4056
0.4053
0.4044
0.4053
0.4044
0.4056
0.4068
0.4059
0.4053
0.4053
0.4053
0.4056
0.4056
0.4056
0.4053
0.4050
0.4062
0.4050
0.4062
0.4053
0.4068
0.4059
0.4108
0.4068
0.4071
0.4062
0.4062
0.4071
0.4071
0.4065
0.4071
0.4068
0.4056
0.4062
0.4068
0.4071
0.4059
0.4062
0.4068
0.4068
0.4053
0.4062
0.4059
0.4059
0.4056
0.4068
0.4062
0.4068
0.4065
0.4059
0.4068
0.4059
0.4065
0.4068
0.4062
0.4071
0.4056
0.4059
0.4068
0.4059
0.4056
0.4050
0.4056
0.4050
0.4059
0.4050
0.4056
0.4056
0.4068
0.4065
0.4062
0.4071
0.4068
0.4071
0.4062
0.4071
0.4071
0.4062
0.4074
0.4077
0.4068
0.4074
0.4080
0.4068
0.4074
0.4071
0.4083
0.4077
0.4083
0.4071
0.4074
0.4074
0.4068
0.4074
0.4065
0.4074
0.4074
0.4071
0.4074
0.4062
0.4062
0.4059
0.4053
0.4050
0.4059
0.4065
0.4050
0.4059
0.4044
0.4059
0.4047
0.4053
0.4050
0.4056
0.4059
0.4059
0.4059
0.4056
0.4059
0.4053
0.4059
0.4056
0.4065
0.4068
0.4074
0.4059
0.4068
0.4065
0.4068
0.4056
0.4056
0.4059
0.4059
0.4053
0.4062
0.4050
0.4056
0.4044
0.4047
0.4059
0.4056
0.4044
0.4053
0.4050
0.4056
0.4047
0.4053
0.4044
0.4053
0.4056
0.4056
0.4044
0.4062
0.4062
0.4053
0.4056
0.4056
0.4050
0.4062
0.4056
0.4047
0.4041
0.4050
0.4053
0.4044
0.4059
0.4050
0.4037
0.4056
0.4047
0.4050
0.4062
0.4059
0.4053
0.4053
0.4053
0.4062
0.4050
0.4059
0.4065
0.4059
0.4062
0.4062
0.4059
0.4059
0.4065
0.4062
0.4074
0.4059
0.4059
0.4071
0.4065
0.4062
0.4056
0.4056
0.4053
0.4065
0.4062
0.4074
0.4065
0.4071
0.4059
0.4068
0.4068
0.4056
0.4065
0.4065
0.4062
0.4059
0.4071
0.4077
0.4065
0.4065
0.4083
0.4074
0.4071
0.4080
0.4077
0.4077
0.4068
0.4071
0.4080
0.4074
0.4083
0.4083
0.4074
0.4074
0.4086
0.4086
0.4071
0.4095
0.4092
0.4083
0.4086
0.4089
0.4086
0.4089
0.4089
0.4102
0.4092
0.4092
0.4102
0.4089
0.4105
0.4092
0.4095
0.4092
0.4095
0.4089
0.4095
0.4086
0.4095
0.4086
0.4083
0.4077
0.4083
0.4086
0.4083
0.4065
0.4074
0.4065
0.4062
0.4080
0.4077
0.4077
0.4077
0.4068
0.4080
0.4083
0.4083
0.4080
0.4086
0.4077
0.4080
0.4083
0.4077
0.4080
0.4071
0.4080
0.4068
0.4077
0.4077
0.4077
0.4077
0.4077
0.4074
0.4080
0.4083
0.4092
0.4083
0.4092
0.4095
0.4080
0.4099
0.4092
0.4099
0.4080
0.4086
0.4095
0.4092
0.4089
0.4077
0.4080
0.4083
0.4074
0.4071
0.4080
0.4068
0.4068
0.4077
0.4068
0.4077
0.4074
0.4062
0.4083
0.4077
0.4071
0.4071
0.4077
0.4077
0.4108
0.4071
0.4071
0.4077
0.4059
0.4062
0.4056
0.4065
0.4059
0.4062
0.4053
0.4053
0.4050
0.4050
0.4050
0.4044
0.4044
0.4041
0.4041
0.4037
0.4037
0.4037
0.4028
0.4034
0.4037
0.4044
0.4050
0.4053
0.4044
0.4053
0.4053
0.4062
0.4071
0.4074
0.4071
0.4077
0.4083
0.4074
0.4083
0.4083
0.4099
0.4083
0.4089
0.4099
0.4105
0.4114
0.4108
0.4099
0.4102
0.4108
0.4102
0.4105
0.4108
0.4105
0.4102
0.4111
0.4111
0.4117
0.4108
0.4102
0.4114
0.4114
0.4111
0.4123
0.4108
0.4108
0.4114
0.4111
0.4111
0.4111
0.4117
0.4111
0.4117
0.4111
0.4105
0.4117
0.4108
0.4108
0.4117
0.4117
0.4108
0.4095
0.4105
0.4099
0.4102
0.4111
0.4102
0.4108
0.4105
0.4099
0.4092
0.4092
0.4105
0.4095
0.4092
0.4095
0.4108
0.4105
0.4095
0.4092
0.4099
0.4092
0.4099
0.4102
0.4099
0.4105
0.4095
0.4086
0.4092
0.4083
0.4095
0.4074
0.4086
0.4071
0.4080
0.4077
0.4083
0.4080
0.4089
0.4077
0.4071
0.4068
0.4080
0.4068
0.4068
0.4071
0.4062
0.4062
0.4062
0.4065
0.4062
0.4074
0.4068
0.4080
0.4074
0.4068
0.4062
0.4071
0.4074
0.4065
0.4053
0.4062
0.4077
0.4074
0.4065
0.4065
0.4074
0.4074
0.4068
0.4065
0.4074
0.4062
0.4065
0.4080
0.4074
0.4086
