0.6308
0.6317
0.6320
0.6323
0.6326
0.6320
0.6342
0.6329
0.6342
0.6329
0.6335
0.6332
0.6320
0.6360
0.6317
0.6323
0.6314
0.6323
0.6326
0.6320
0.6314
0.6314
0.6308
0.6296
0.6296
0.6302
0.6311
0.6299
0.6302
0.6308
0.6311
0.6314
0.6317
0.6317
0.6314
0.6329
0.6320
0.6320
0.6317
0.6326
0.6323
0.6320
0.6317
0.6308
0.6311
0.6305
0.6305
0.6308
0.6281
0.6290
0.6296
0.6299
0.6284
0.6287
0.6290
0.6296
0.6293
0.6302
0.6290
0.6299
0.6305
0.6308
0.6308
0.6299
0.6308
0.6308
0.6323
0.6317
0.6317
0.6335
0.6323
0.6329
0.6342
0.6332
0.6348
0.6351
0.6335
0.6335
0.6326
0.6323
0.6314
0.6305
0.6296
0.6284
0.6281
0.6290
0.6281
0.6271
0.6265
0.6268
0.6268
0.6262
0.6262
0.6259
0.6256
0.6265
0.6250
0.6262
0.6256
0.6262
0.6262
0.6262
0.6259
0.6262
0.6241
0.6238
0.6241
0.6244
0.6232
0.6226
0.6244
0.6244
0.6250
0.6268
0.6268
0.6277
0.6271
0.6284
0.6296
0.6302
0.6305
0.6299
0.6360
0.6302
0.6314
0.6308
0.6314
0.6317
0.6308
0.6317
0.6314
0.6320
0.6314
0.6326
0.6326
0.6339
0.6332
0.6329
0.6326
0.6281
0.6320
0.6314
0.6314
0.6293
0.6284
0.6287
0.6284
0.6284
0.6271
0.6253
0.6271
0.6253
0.6259
0.6265
0.6259
0.6253
0.6262
0.6250
0.6265
0.6268
0.6277
0.6271
0.6271
0.6277
0.6281
0.6281
0.6274
0.6281
0.6277
0.6281
0.6271
0.6274
0.6281
0.6268
0.6277
0.6277
0.6284
0.6299
0.6290
0.6299
0.6299
0.6314
0.6317
0.6311
0.6311
0.6317
0.6308
0.6308
0.6308
0.6317
0.6314
0.6314
0.6326
0.6311
0.6317
0.6302
0.6311
0.6308
0.6305
0.6311
0.6314
0.6320
0.6317
0.6311
0.6314
0.6320
0.6332
0.6329
0.6326
0.6323
0.6332
0.6332
0.6342
0.6329
0.6332
0.6342
0.6342
0.6345
0.6339
0.6357
0.6348
0.6348
0.6351
0.6354
0.6348
0.6339
0.6342
0.6335
0.6348
0.6339
0.6354
0.6345
0.6345
0.6354
0.6348
0.6354
0.6360
0.6351
0.6354
0.6342
0.6345
0.6345
0.6354
0.6351
0.6339
0.6345
0.6332
0.6345
0.6335
0.6342
0.6348
0.6342
0.6332
0.6335
0.6317
0.6329
0.6308
0.6302
0.6302
0.6293
0.6302
0.6299
0.6299
0.6296
0.6296
0.6299
0.6287
0.6296
0.6281
0.6277
0.6281
0.6274
0.6287
0.6274
0.6296
0.6290
0.6287
0.6293
0.6296
0.6302
0.6311
0.6308
0.6311
0.6311
0.6308
0.6314
0.6314
0.6323
0.6314
0.6329
0.6323
0.6323
0.6326
0.6326
0.6323
0.6329
0.6323
0.6311
0.6329
0.6323
0.6317
0.6326
0.6317
0.6308
0.6320
0.6305
0.6314
0.6329
0.6329
0.6326
0.6339
0.6342
0.6354
0.6354
0.6351
0.6354
0.6311
0.6348
0.6357
0.6363
0.6369
0.6363
0.6354
0.6351
0.6357
0.6357
0.6342
0.6339
0.6329
0.6335
0.6329
0.6326
0.6326
0.6326
0.6326
0.6317
0.6332
0.6326
0.6332
0.6326
0.6332
0.6326
0.6335
0.6320
0.6332
0.6311
0.6317
0.6302
0.6308
0.6305
0.6293
0.6290
0.6296
0.6296
0.6290
0.6305
0.6296
0.6302
0.6308
0.6308
0.6308
0.6317
0.6314
0.6314
0.6314
0.6320
0.6311
0.6323
0.6311
0.6314
0.6311
0.6314
0.6299
0.6281
0.6293
0.6290
0.6287
0.6281
0.6287
0.6293
0.6281
0.6287
0.6287
0.6305
0.6308
0.6305
0.6299
0.6317
0.6317
0.6314
0.6308
0.6317
0.6305
0.6308
0.6308
0.6308
0.6308
0.6308
0.6305
0.6314
0.6326
0.6323
0.6323
0.6320
0.6326
0.6332
0.6317
0.6329
0.6323
0.6326
0.6320
0.6320
0.6317
0.6329
0.6320
0.6339
0.6326
0.6329
0.6335
0.6348
0.6339
0.6348
0.6348
0.6345
0.6332
0.6339
0.6348
0.6339
0.6332
0.6342
0.6339
0.6329
0.6317
0.6326
0.6311
0.6308
0.6311
0.6323
0.6320
0.6326
0.6314
0.6335
0.6339
0.6332
0.6357
0.6348
0.6345
0.6363
0.6351
0.6354
0.6357
0.6342
0.6332
0.6332
0.6317
0.6317
0.6302
0.6308
0.6296
0.6284
0.6277
0.6277
0.6277
0.6262
0.6268
0.6268
0.6262
0.6314
0.6244
0.6244
0.6265
0.6256
0.6265
0.6277
0.6265
0.6277
0.6256
0.6277
0.6271
0.6262
0.6259
0.6259
0.6277
0.6274
0.6265
0.6262
0.6247
0.6256
0.6235
0.6238
0.6241
0.6232
0.6232
0.6241
0.6241
0.6229
0.6241
0.6244
0.6247
0.6256
0.6250
0.6247
0.6247
0.6253
0.6256
0.6259
0.6250
0.6256
0.6250
0.6247
0.6235
0.6250
0.6244
0.6235
0.6244
0.6229
0.6238
0.6244
0.6247
0.6241
0.6247
0.6241
0.6244
0.6250
0.6247
0.6253
0.6259
0.6265
0.6268
0.6262
0.6284
0.6274
0.6363
0.6302
0.6290
0.6299
0.6302
0.6299
0.6299
0.6317
0.6308
0.6308
0.6308
0.6323
0.6320
0.6308
0.6311
0.6314
0.6317
0.6311
0.6320
0.6305
0.6305
0.6302
0.6299
0.6290
0.6277
0.6281
0.6268
0.6274
0.6262
0.6277
0.6274
0.6281
0.6290
0.6293
0.6305
0.6323
0.6314
0.6314
0.6323
0.6326
0.6323
0.6332
0.6317
0.6305
0.6314
0.6308
0.6296
0.6308
0.6290
0.6290
0.6277
0.6274
0.6256
0.6259
0.6253
0.6253
0.6253
0.6256
0.6259
0.6250
0.6265
0.6262
0.6268
0.6274
0.6277
0.6277
0.6284
0.6299
0.6302
0.6308
0.6320
0.6326
0.6317
0.6326
0.6335
0.6342
0.6335
0.6342
0.6339
0.6351
0.6366
0.6351
0.6360
0.6354
0.6357
0.6360
0.6342
0.6311
0.6357
0.6354
0.6342
0.6342
0.6345
0.6326
0.6323
0.6329
0.6320
0.6311
0.6314
0.6305
0.6293
0.6293
0.6287
0.6287
0.6293
0.6287
0.6290
0.6290
0.6293
0.6287
0.6284
0.6287
0.6281
0.6296
0.6290
0.6299
0.6293
0.6308
0.6308
0.6302
0.6314
0.6299
0.6308
0.6290
0.6302
0.6299
0.6290
0.6299
0.6296
0.6293
0.6290
0.6299
0.6287
0.6281
0.6299
0.6284
0.6287
0.6287
0.6271
0.6268
0.6262
0.6259
0.6262
0.6256
0.6259
0.6244
0.6247
0.6253
0.6250
0.6235
0.6244
0.6256
0.6262
0.6250
0.6259
0.6262
0.6262
0.6268
0.6265
0.6281
0.6281
0.6290
0.6287
0.6290
0.6299
0.6311
0.6308
0.6323
0.6326
0.6323
0.6332
0.6342
0.6339
0.6348
0.6339
0.6357
0.6348
0.6348
0.6357
0.6342
0.6357
0.6348
0.6348
0.6335
0.6348
0.6342
0.6342
0.6323
0.6329
0.6314
0.6305
0.6308
0.6299
0.6290
0.6271
0.6287
0.6259
0.6253
0.6250
0.6253
0.6235
0.6235
0.6232
0.6223
0.6226
0.6226
0.6213
0.6232
0.6232
0.6232
0.6250
0.6259
0.6268
0.6268
0.6284
0.6277
0.6290
0.6305
0.6299
0.6296
0.6302
0.6314
0.6302
0.6305
0.6320
0.6320
0.6323
0.6323
0.6332
0.6329
0.6342
0.6329
0.6317
0.6326
0.6323
0.6332
0.6326
0.6329
0.6326
0.6326
0.6342
0.6351
0.6339
0.6348
0.6348
0.6342
0.6351
0.6345
0.6323
0.6323
0.6308
0.6299
0.6299
0.6284
0.6284
0.6287
0.6271
0.6268
0.6268
0.6268
0.6271
0.6271
0.6277
0.6274
0.6284
0.6271
0.6274
0.6262
0.6262
0.6271
0.6268
0.6253
0.6253
0.6262
0.6247
0.6253
0.6262
0.6259
0.6250
0.6247
0.6256
0.6262
0.6253
0.6262
0.6271
0.6268
0.6274
0.6262
0.6268
0.6281
0.6284
0.6277
0.6284
0.6274
0.6314
0.6287
0.6274
0.6287
0.6281
0.6281
0.6284
0.6268
0.6265
0.6256
0.6250
0.6253
0.6244
0.6250
0.6235
0.6244
0.6250
0.6241
0.6253
0.6244
0.6253
0.6250
0.6241
0.6232
0.6232
0.6241
0.6244
0.6256
0.6256
0.6241
0.6247
0.6244
0.6250
0.6238
0.6253
0.6244
0.6250
0.6253
0.6241
0.6238
0.6244
0.6253
0.6250
0.6238
0.6247
0.6241
0.6241
0.6238
0.6250
0.6241
0.6247
0.6250
0.6253
0.6256
0.6271
0.6259
0.6274
0.6268
0.6271
0.6268
0.6274
0.6284
0.6287
0.6277
0.6271
0.6287
0.6268
0.6281
0.6277
0.6268
0.6271
0.6271
0.6281
0.6268
0.6265
0.6238
0.6253
0.6262
0.6271
0.6262
0.6271
0.6274
0.6277
0.6284
0.6299
0.6299
0.6317
0.6320
0.6329
0.6339
0.6339
0.6339
0.6329
0.6345
0.6335
0.6329
0.6351
0.6332
0.6339
0.6302
0.6332
0.6342
0.6326
0.6332
0.6335
0.6323
0.6326
0.6326
0.6332
0.6329
0.6345
0.6351
0.6339
0.6348
0.6342
0.6345
0.6345
0.6329
0.6332
0.6326
0.6342
0.6323
0.6317
0.6314
0.6311
0.6305
0.6296
0.6299
0.6299
0.6296
0.6296
0.6287
0.6299
0.6299
0.6299
0.6290
0.6302
0.6293
0.6302
0.6305
0.6299
0.6305
0.6302
0.6302
0.6299
0.6311
0.6302
0.6302
0.6302
0.6305
0.6302
0.6302
0.6302
0.6305
0.6305
0.6299
0.6296
0.6293
0.6290
0.6277
0.6284
0.6287
0.6281
0.6268
0.6284
0.6281
0.6271
0.6268
0.6268
0.6274
0.6265
0.6274
0.6265
0.6265
0.6259
0.6259
0.6238
0.6250
0.6235
0.6226
0.6229
0.6235
0.6241
0.6232
0.6238
0.6253
0.6259
0.6265
0.6281
0.6268
0.6284
0.6271
0.6277
0.6284
0.6284
0.6277
0.6277
0.6284
0.6274
0.6271
0.6284
0.6281
0.6281
0.6290
0.6299
0.6311
0.6305
0.6293
0.6308
0.6290
0.6293
0.6296
0.6299
0.6311
0.6314
0.6320
0.6317
0.6314
0.6320
0.6332
0.6287
0.6351
0.6357
0.6357
0.6354
0.6366
0.6372
0.6375
0.6369
0.6363
0.6378
0.6369
0.6366
0.6366
0.6351
0.6357
0.6363
0.6354
0.6354
0.6363
0.6369
0.6357
0.6360
0.6363
0.6339
0.6345
0.6339
0.6339
0.6342
0.6329
0.6335
0.6332
0.6332
0.6329
0.6320
0.6314
0.6314
0.6311
0.6308
0.6311
0.6314
0.6329
0.6342
0.6342
0.6342
0.6354
0.6348
0.6360
0.6345
0.6354
0.6384
0.6366
0.6366
0.6351
0.6369
0.6354
0.6354
0.6360
0.6366
0.6354
0.6375
0.6351
0.6360
0.6357
0.6348
0.6357
0.6348
0.6357
0.6345
0.6351
0.6363
0.6351
0.6357
0.6342
0.6348
0.6342
0.6348
0.6345
0.6329
0.6329
0.6335
0.6323
0.6326
0.6323
0.6326
0.6332
0.6323
0.6339
0.6342
0.6342
0.6351
0.6342
0.6339
0.6348
0.6335
0.6339
0.6326
0.6339
0.6339
0.6329
0.6339
0.6339
0.6345
0.6348
0.6342
0.6326
0.6329
0.6314
0.6323
0.6302
0.6314
0.6302
0.6299
0.6302
0.6308
0.6302
0.6296
0.6305
0.6305
0.6302
0.6299
0.6305
0.6305
0.6308
0.6317
0.6314
0.6317
0.6302
0.6302
0.6308
0.6317
0.6302
0.6299
0.6293
0.6290
0.6296
0.6284
0.6277
0.6293
0.6271
0.6277
0.6277
0.6271
0.6284
0.6287
0.6290
0.6290
0.6293
0.6284
0.6299
0.6293
0.6314
0.6320
0.6314
0.6320
0.6320
0.6317
0.6332
0.6323
0.6342
0.6339
0.6351
0.6348
0.6351
0.6339
0.6342
0.6342
0.6335
0.6323
0.6332
0.6323
0.6323
0.6314
0.6320
0.6317
0.6314
0.6314
0.6305
0.6305
0.6305
0.6311
0.6290
0.6299
0.6287
0.6302
0.6305
0.6287
0.6284
0.6293
0.6299
0.6299
0.6296
0.6305
0.6296
0.6296
0.6302
0.6302
0.6287
0.6296
0.6287
0.6281
0.6271
0.6271
0.6271
0.6268
0.6268
0.6268
0.6284
0.6287
0.6284
0.6277
0.6277
0.6271
0.6277
0.6262
0.6268
0.6268
0.6262
0.6259
0.6253
0.6253
0.6250
0.6262
0.6259
0.6247
0.6253
0.6241
0.6244
0.6235
0.6241
0.6235
0.6235
0.6235
0.6219
0.6235
0.6232
0.6235
0.6219
0.6219
0.6213
0.6216
0.6232
0.6226
0.6241
0.6253
0.6250
0.6259
0.6277
0.6277
0.6271
0.6271
0.6274
0.6290
0.6281
0.6287
0.6296
0.6290
0.6293
0.6287
0.6296
0.6293
0.6290
0.6287
0.6293
0.6299
0.6293
0.6299
0.6302
0.6305
0.6299
0.6305
0.6293
0.6305
0.6299
0.6299
0.6299
0.6287
0.6290
0.6277
0.6277
0.6281
0.6284
0.6268
0.6274
0.6277
0.6284
0.6287
0.6277
0.6302
0.6284
0.6290
0.6293
0.6302
0.6302
0.6311
0.6311
0.6305
0.6314
0.6314
0.6314
0.6317
0.6308
0.6302
0.6299
0.6302
0.6311
0.6302
0.6314
0.6311
0.6314
0.6317
0.6299
0.6311
0.6308
0.6305
0.6293
0.6308
0.6308
0.6308
0.6311
0.6326
0.6320
0.6323
0.6339
0.6339
0.6342
0.6335
0.6329
0.6326
0.6339
0.6320
0.6317
0.6320
0.6314
0.6305
0.6308
0.6311
0.6296
0.6305
0.6299
0.6305
0.6284
0.6302
0.6293
0.6287
0.6305
0.6290
0.6290
0.6302
0.6290
0.6296
0.6299
0.6293
0.6302
0.6308
0.6314
0.6308
0.6299
0.6299
0.6305
0.6296
0.6299
0.6305
0.6296
0.6284
0.6293
0.6277
0.6287
0.6302
0.6293
0.6287
0.6296
0.6290
0.6290
0.6281
0.6274
0.6256
0.6253
0.6256
0.6244
0.6253
0.6244
0.6235
0.6232
0.6223
0.6219
0.6219
0.6213
0.6216
0.6210
0.6219
0.6210
0.6201
0.6213
0.6216
0.6210
0.6216
0.6207
0.6204
0.6207
0.6204
0.6216
0.6210
0.6213
0.6229
0.6223
0.6235
0.6238
0.6247
0.6262
0.6265
0.6259
0.6271
0.6277
0.6277
0.6271
0.6271
0.6256
0.6256
0.6265
0.6259
0.6253
0.6256
0.6244
0.6235
0.6226
0.6223
0.6219
0.6223
0.6204
0.6207
0.6216
0.6216
0.6229
0.6223
0.6229
0.6235
0.6232
0.6256
0.6262
0.6265
0.6284
0.6290
0.6287
0.6290
0.6296
0.6296
0.6302
0.6296
0.6299
0.6287
0.6299
0.6287
0.6296
0.6287
0.6305
