0.3769
0.3781
0.3778
0.3772
0.3781
0.3760
0.3757
0.3769
0.3763
0.3754
0.3763
0.3757
0.3763
0.3763
0.3745
0.3760
0.3754
0.3763
0.3763
0.3763
0.3754
0.3769
0.3754
0.3769
0.3766
0.3760
0.3763
0.3763
0.3763
0.3763
0.3775
0.3757
0.3766
0.3766
0.3775
0.3763
0.3766
0.3760
0.3775
0.3775
0.3784
0.3781
0.3778
0.3784
0.3769
0.3778
0.3775
0.3772
0.3778
0.3772
0.3760
0.3769
0.3775
0.3757
0.3772
0.3760
0.3775
0.3766
0.3769
0.3754
0.3763
0.3772
0.3772
0.3754
0.3763
0.3760
0.3751
0.3751
0.3760
0.3757
0.3751
0.3757
0.3751
0.3741
0.3745
0.3741
0.3751
0.3745
0.3754
0.3748
0.3748
0.3754
0.3751
0.3763
0.3748
0.3760
0.3751
0.3748
0.3763
0.3748
0.3754
0.3760
0.3763
0.3760
0.3766
0.3748
0.3763
0.3751
0.3757
0.3754
0.3760
0.3760
0.3763
0.3754
0.3754
0.3748
0.3754
0.3760
0.3757
0.3754
0.3745
0.3741
0.3763
0.3760
0.3763
0.3751
0.3757
0.3766
0.3754
0.3757
0.3754
0.3769
0.3763
0.3766
0.3769
0.3754
0.3766
0.3763
0.3766
0.3766
0.3763
0.3772
0.3772
0.3763
0.3775
0.3778
0.3766
0.3769
0.3790
0.3769
0.3784
0.3784
0.3784
0.3772
0.3775
0.3775
0.3778
0.3769
0.3781
0.3778
0.3781
0.3772
0.3781
0.3772
0.3769
0.3772
0.3766
0.3775
0.3769
0.3763
0.3763
0.3784
0.3760
0.3760
0.3763
0.3766
0.3757
0.3751
0.3757
0.3741
0.3745
0.3757
0.3757
0.3748
0.3754
0.3745
0.3738
0.3738
0.3745
0.3751
0.3748
0.3754
0.3748
0.3754
0.3751
0.3763
0.3748
0.3751
0.3766
0.3751
0.3769
0.3766
0.3769
0.3766
0.3766
0.3769
0.3775
0.3763
0.3769
0.3781
0.3772
0.3775
0.3769
0.3781
0.3769
0.3781
0.3772
0.3775
0.3775
0.3781
0.3781
0.3775
0.3784
0.3781
0.3775
0.3775
0.3784
0.3772
0.3769
0.3769
0.3766
0.3784
0.3784
0.3772
0.3772
0.3772
0.3769
0.3760
0.3763
0.3766
0.3757
0.3766
0.3763
0.3760
0.3754
0.3769
0.3757
0.3754
0.3763
0.3766
0.3751
0.3757
0.3763
0.3751
0.3763
0.3760
0.3766
0.3763
0.3760
0.3754
0.3760
0.3766
0.3766
0.3772
0.3769
0.3766
0.3778
0.3769
0.3766
0.3766
0.3766
0.3760
0.3769
0.3748
0.3763
0.3760
0.3757
0.3748
0.3760
0.3748
0.3766
0.3763
0.3754
0.3760
0.3760
0.3763
0.3766
0.3757
0.3769
0.3766
0.3766
0.3781
0.3769
0.3775
0.3778
0.3775
0.3775
0.3775
0.3778
0.3781
0.3778
0.3775
0.3775
0.3781
0.3778
0.3790
0.3781
0.3790
0.3775
0.3775
0.3778
0.3784
0.3784
0.3781
0.3787
0.3781
0.3784
0.3778
0.3787
0.3778
0.3778
0.3796
0.3790
0.3784
0.3790
0.3784
0.3806
0.3793
0.3809
0.3799
0.3806
0.3806
0.3809
0.3812
0.3812
0.3809
0.3812
0.3796
0.3812
0.3809
0.3815
0.3802
0.3809
0.3790
0.3802
0.3793
0.3793
0.3784
0.3784
0.3790
0.3781
0.3787
0.3778
0.3781
0.3772
0.3784
0.3781
0.3769
0.3775
0.3772
0.3772
0.3781
0.3772
0.3787
0.3772
0.3790
0.3793
0.3778
0.3781
0.3772
0.3784
0.3781
0.3769
0.3784
0.3775
0.3781
0.3769
0.3781
0.3775
0.3775
0.3772
0.3781
0.3772
0.3781
0.3775
0.3781
0.3769
0.3778
0.3775
0.3775
0.3778
0.3775
0.3775
0.3775
0.3781
0.3790
0.3781
0.3784
0.3787
0.3787
0.3781
0.3784
0.3769
0.3772
0.3766
0.3775
0.3775
0.3772
0.3772
0.3766
0.3763
0.3769
0.3772
0.3775
0.3769
0.3772
0.3781
0.3790
0.3775
0.3784
0.3778
0.3775
0.3775
0.3787
0.3772
0.3787
0.3787
0.3784
0.3787
0.3769
0.3778
0.3769
0.3772
0.3775
0.3766
0.3775
0.3772
0.3769
0.3775
0.3775
0.3775
0.3769
0.3778
0.3769
0.3775
0.3775
0.3769
0.3766
0.3775
0.3778
0.3772
0.3781
0.3769
0.3781
0.3766
0.3772
0.3766
0.3754
0.3760
0.3775
0.3760
0.3769
0.3775
0.3769
0.3763
0.3769
0.3766
0.3781
0.3775
0.3772
0.3784
0.3769
0.3787
0.3766
0.3784
0.3781
0.3775
0.3778
0.3775
0.3769
0.3775
0.3775
0.3766
0.3769
0.3769
0.3778
0.3778
0.3769
0.3778
0.3769
0.3778
0.3778
0.3769
0.3781
0.3772
0.3775
0.3787
0.3772
0.3787
0.3775
0.3775
0.3784
0.3787
0.3781
0.3772
0.3778
0.3784
0.3781
0.3784
0.3775
0.3775
0.3784
0.3769
0.3772
0.3775
0.3778
0.3766
0.3775
0.3772
0.3766
0.3769
0.3766
0.3787
0.3784
0.3781
0.3784
0.3772
0.3790
0.3787
0.3778
0.3778
0.3775
0.3787
0.3784
0.3784
0.3775
0.3781
0.3781
0.3781
0.3790
0.3818
0.3793
0.3784
0.3793
0.3793
0.3787
0.3781
0.3781
0.3784
0.3790
0.3790
0.3775
0.3790
0.3775
0.3793
0.3781
0.3784
0.3793
0.3790
0.3790
0.3796
0.3781
0.3793
0.3799
0.3787
0.3787
0.3793
0.3793
0.3796
0.3793
0.3790
0.3781
0.3784
0.3787
0.3784
0.3799
0.3790
0.3793
0.3796
0.3778
0.3796
0.3778
0.3784
0.3790
0.3790
0.3790
0.3781
0.3784
0.3793
0.3781
0.3793
0.3781
0.3790
0.3793
0.3796
0.3784
0.3784
0.3763
0.3790
0.3796
0.3781
0.3784
0.3790
0.3781
0.3799
0.3790
0.3799
0.3787
0.3787
0.3790
0.3796
0.3784
0.3790
0.3790
0.3784
0.3793
0.3781
0.3784
0.3784
0.3784
0.3790
0.3781
0.3766
0.3772
0.3766
0.3775
0.3769
0.3775
0.3775
0.3772
0.3766
0.3766
0.3775
0.3778
0.3766
0.3784
0.3766
0.3769
0.3772
0.3772
0.3769
0.3784
0.3775
0.3775
0.3775
0.3772
0.3769
0.3772
0.3778
0.3781
0.3772
0.3775
0.3772
0.3781
0.3787
0.3781
0.3781
0.3778
0.3778
0.3769
0.3796
0.3784
0.3772
0.3775
0.3778
0.3784
0.3775
0.3784
0.3790
0.3784
0.3784
0.3790
0.3793
0.3784
0.3784
0.3790
0.3793
0.3799
0.3799
0.3790
0.3799
0.3793
0.3796
0.3796
0.3799
0.3799
0.3790
0.3790
0.3793
0.3787
0.3778
0.3781
0.3772
0.3790
0.3772
0.3781
0.3781
0.3775
0.3784
0.3775
0.3784
0.3775
0.3781
0.3790
0.3787
0.3778
0.3775
0.3787
0.3784
0.3781
0.3778
0.3784
0.3778
0.3784
0.3778
0.3775
0.3769
0.3763
0.3775
0.3763
0.3772
0.3763
0.3772
0.3784
0.3766
0.3772
0.3775
0.3778
0.3775
0.3763
0.3769
0.3775
0.3769
0.3784
0.3772
0.3778
0.3778
0.3775
0.3787
0.3775
0.3775
0.3772
0.3784
0.3772
0.3775
0.3769
0.3772
0.3778
0.3781
0.3775
0.3775
0.3763
0.3769
0.3784
0.3775
0.3781
0.3769
0.3781
0.3775
0.3787
0.3793
0.3778
0.3784
0.3784
0.3775
0.3790
0.3790
0.3778
0.3778
0.3790
0.3781
0.3787
0.3787
0.3784
0.3787
0.3787
0.3793
0.3787
0.3784
0.3790
0.3784
0.3799
0.3787
0.3799
0.3784
0.3784
0.3775
0.3787
0.3778
0.3778
0.3787
0.3775
0.3772
0.3784
0.3787
0.3775
0.3778
0.3769
0.3787
0.3778
0.3778
0.3772
0.3775
0.3778
0.3781
0.3784
0.3778
0.3778
0.3775
0.3781
0.3781
0.3772
0.3787
0.3784
0.3775
0.3772
0.3772
0.3778
0.3781
0.3781
0.3778
0.3775
0.3781
0.3781
0.3775
0.3784
0.3772
0.3766
0.3775
0.3769
0.3760
0.3766
0.3772
0.3763
0.3757
0.3772
0.3757
0.3766
0.3760
0.3769
0.3769
0.3757
0.3769
0.3757
0.3766
0.3769
0.3763
0.3769
0.3763
0.3766
0.3766
0.3778
0.3787
0.3769
0.3781
0.3778
0.3787
0.3775
0.3781
0.3775
0.3787
0.3784
0.3790
0.3790
0.3784
0.3781
0.3778
0.3787
0.3787
0.3778
0.3781
0.3772
0.3772
0.3772
0.3778
0.3778
0.3769
0.3766
0.3769
0.3763
0.3766
0.3766
0.3772
0.3769
0.3772
0.3769
0.3766
0.3769
0.3763
0.3769
0.3772
0.3769
0.3778
0.3769
0.3772
0.3772
0.3766
0.3769
0.3763
0.3769
0.3775
0.3766
0.3775
0.3769
0.3775
0.3778
0.3781
0.3772
0.3781
0.3769
0.3772
0.3772
0.3781
0.3769
0.3775
0.3781
0.3772
0.3769
0.3769
0.3763
0.3775
0.3778
0.3772
0.3781
0.3781
0.3778
0.3784
0.3781
0.3781
0.3775
0.3769
0.3775
0.3781
0.3778
0.3775
0.3766
0.3772
0.3772
0.3778
0.3769
0.3772
0.3769
0.3775
0.3769
0.3784
0.3763
0.3766
0.3769
0.3772
0.3754
0.3763
0.3757
0.3769
0.3763
0.3760
0.3760
0.3766
0.3760
0.3754
0.3754
0.3763
0.3769
0.3766
0.3772
0.3760
0.3769
0.3760
0.3766
0.3766
0.3769
0.3763
0.3766
0.3769
0.3772
0.3766
0.3769
0.3763
0.3778
0.3769
0.3760
0.3763
0.3766
0.3769
0.3763
0.3763
0.3763
0.3775
0.3775
0.3784
0.3766
0.3778
0.3784
0.3775
0.3781
0.3778
0.3775
0.3778
0.3781
0.3793
0.3790
0.3793
0.3787
0.3790
0.3793
0.3790
0.3787
0.3787
0.3790
0.3787
0.3787
0.3784
0.3787
0.3790
0.3799
0.3790
0.3802
0.3790
0.3799
0.3793
0.3793
0.3799
0.3799
0.3802
0.3809
0.3790
0.3799
0.3790
0.3796
0.3793
0.3787
0.3790
0.3790
0.3799
0.3787
0.3787
0.3796
0.3784
0.3781
0.3781
0.3772
0.3784
0.3772
0.3775
0.3772
0.3775
0.3769
0.3772
0.3787
0.3778
0.3763
0.3763
0.3766
0.3772
0.3775
0.3763
0.3775
0.3778
0.3769
0.3769
0.3766
0.3769
0.3775
0.3784
0.3769
0.3778
0.3790
0.3784
0.3781
0.3784
0.3781
0.3784
0.3775
0.3793
0.3781
0.3775
0.3778
0.3781
0.3790
0.3769
0.3763
0.3775
0.3775
0.3766
0.3769
0.3766
0.3769
0.3757
0.3763
0.3757
0.3769
0.3772
0.3757
0.3772
0.3760
0.3754
0.3757
0.3766
0.3766
0.3763
0.3763
0.3766
0.3751
0.3760
0.3760
0.3748
0.3763
0.3751
0.3766
0.3766
0.3751
0.3757
0.3760
0.3760
0.3748
0.3757
0.3766
0.3763
0.3766
0.3757
0.3754
0.3763
0.3748
0.3769
0.3763
0.3757
0.3757
0.3760
0.3760
0.3763
0.3757
0.3769
0.3760
0.3763
0.3751
0.3754
0.3760
0.3763
0.3760
0.3748
0.3757
0.3748
0.3757
0.3760
0.3748
0.3757
0.3760
0.3763
0.3751
0.3760
0.3763
0.3766
0.3772
0.3760
0.3772
0.3760
0.3775
0.3775
0.3772
0.3763
0.3763
0.3763
0.3775
0.3775
0.3769
0.3778
0.3775
0.3775
0.3769
0.3775
0.3775
0.3772
0.3772
0.3787
0.3775
0.3793
0.3781
0.3787
0.3784
0.3790
0.3784
0.3799
0.3799
0.3787
0.3793
0.3809
0.3790
0.3802
0.3796
0.3790
0.3799
0.3790
0.3790
0.3793
0.3793
0.3787
0.3784
0.3787
0.3790
0.3793
0.3799
0.3793
0.3787
0.3799
0.3793
0.3793
0.3778
0.3787
0.3781
0.3775
0.3784
0.3790
0.3790
0.3784
0.3784
0.3778
0.3784
0.3784
0.3775
0.3772
0.3781
0.3787
0.3781
0.3781
0.3778
0.3781
0.3793
0.3793
0.3799
0.3787
0.3781
0.3787
0.3781
0.3790
0.3787
0.3796
0.3796
0.3793
0.3793
0.3781
0.3787
0.3793
0.3787
0.3796
0.3793
0.3787
0.3793
0.3796
0.3806
0.3784
0.3799
0.3796
0.3802
0.3799
0.3799
0.3796
0.3812
0.3812
0.3802
0.3793
0.3793
0.3793
0.3796
0.3784
0.3796
0.3796
0.3799
0.3799
0.3793
0.3796
0.3787
0.3809
0.3802
0.3802
0.3806
0.3799
0.3818
0.3806
0.3809
0.3806
0.3818
0.3802
0.3818
0.3812
0.3806
0.3815
0.3802
0.3818
0.3806
0.3812
0.3809
0.3809
0.3806
0.3799
0.3802
0.3793
0.3796
0.3793
0.3793
0.3796
0.3796
0.3806
0.3799
0.3790
0.3790
0.3799
0.3793
0.3809
0.3793
0.3793
0.3806
0.3799
0.3806
0.3793
0.3799
0.3799
0.3796
0.3787
0.3790
0.3799
0.3802
0.3793
0.3809
0.3799
0.3787
0.3802
0.3802
0.3793
0.3793
0.3790
0.3790
0.3809
0.3806
0.3796
0.3793
0.3809
0.3812
0.3802
0.3809
0.3809
0.3802
0.3799
0.3793
0.3793
0.3793
0.3796
0.3796
0.3806
0.3799
0.3799
0.3818
0.3809
0.3818
0.3809
0.3812
0.3818
0.3824
0.3821
0.3821
0.3824
0.3821
0.3827
0.3821
0.3821
0.3824
0.3860
0.3818
0.3821
0.3815
0.3812
0.3809
0.3806
0.3818
0.3796
0.3799
0.3818
0.3809
0.3799
0.3793
0.3793
0.3806
0.3809
0.3796
0.3806
0.3799
0.3806
0.3799
0.3806
0.3796
0.3799
0.3802
0.3796
0.3790
0.3806
0.3796
0.3799
0.3793
0.3796
0.3793
0.3793
0.3799
0.3787
0.3787
0.3799
0.3802
0.3799
0.3793
0.3793
0.3793
0.3796
0.3806
0.3787
0.3790
0.3802
0.3790
0.3793
0.3784
0.3784
0.3775
0.3784
0.3784
0.3778
0.3769
0.3775
0.3781
0.3772
0.3775
0.3781
0.3769
0.3781
0.3775
0.3775
0.3763
0.3766
0.3778
0.3778
0.3775
0.3796
0.3778
0.3769
0.3775
0.3766
0.3781
0.3778
0.3787
0.3772
0.3772
0.3769
0.3772
0.3778
0.3778
0.3772
0.3772
0.3790
0.3781
0.3787
0.3790
0.3751
0.3790
0.3784
0.3796
0.3796
0.3787
0.3802
0.3793
0.3796
0.3799
0.3790
0.3790
0.3787
0.3802
0.3793
0.3799
0.3790
0.3790
0.3790
0.3793
0.3799
0.3799
0.3787
0.3793
0.3793
0.3784
0.3802
0.3790
0.3799
0.3799
0.3806
0.3799
0.3802
0.3787
0.3784
0.3784
0.3793
0.3796
0.3784
0.3799
0.3784
0.3787
0.3793
0.3787
0.3787
0.3787
0.3787
0.3781
0.3793
0.3787
0.3793
0.3799
0.3796
0.3790
0.3799
0.3809
