0.4517
0.4514
0.4517
0.4498
0.4498
0.4501
0.4501
0.4483
0.4486
0.4477
0.4471
0.4480
0.4468
0.4477
0.4471
0.4474
0.4474
0.4474
0.4480
0.4483
0.4477
0.4483
0.4480
0.4477
0.4489
0.4489
0.4504
0.4486
0.4507
0.4495
0.4498
0.4498
0.4495
0.4492
0.4492
0.4498
0.4501
0.4498
0.4495
0.4495
0.4501
0.4498
0.4495
0.4501
0.4495
0.4495
0.4498
0.4486
0.4489
0.4492
0.4483
0.4498
0.4492
0.4501
0.4446
0.4498
0.4498
0.4498
0.4492
0.4498
0.4495
0.4504
0.4495
0.4504
0.4486
0.4498
0.4495
0.4501
0.4501
0.4486
0.4489
0.4486
0.4504
0.4495
0.4492
0.4517
0.4492
0.4492
0.4501
0.4492
0.4462
0.4498
0.4495
0.4510
0.4510
0.4514
0.4507
0.4517
0.4507
0.4517
0.4514
0.4507
0.4520
0.4498
0.4498
0.4507
0.4507
0.4495
0.4495
0.4489
0.4498
0.4492
0.4495
0.4498
0.4492
0.4489
0.4492
0.4498
0.4498
0.4501
0.4495
0.4507
0.4507
0.4498
0.4492
0.4501
0.4510
0.4492
0.4498
0.4501
0.4498
0.4498
0.4495
0.4498
0.4492
0.4495
0.4498
0.4489
0.4486
0.4486
0.4489
0.4495
0.4486
0.4501
0.4492
0.4501
0.4495
0.4492
0.4498
0.4489
0.4504
0.4495
0.4483
0.4492
0.4495
0.4495
0.4498
0.4492
0.4495
0.4498
0.4483
0.4486
0.4492
0.4501
0.4498
0.4492
0.4495
0.4495
0.4510
0.4504
0.4507
0.4501
0.4504
0.4486
0.4486
0.4498
0.4501
0.4495
0.4486
0.4492
0.4498
0.4495
0.4486
0.4474
0.4480
0.4492
0.4492
0.4483
0.4492
0.4492
0.4489
0.4489
0.4489
0.4477
0.4483
0.4498
0.4495
0.4477
0.4471
0.4483
0.4492
0.4489
0.4477
0.4492
0.4489
0.4489
0.4492
0.4486
0.4492
0.4480
0.4486
0.4471
0.4498
0.4501
0.4501
0.4486
0.4489
0.4501
0.4501
0.4498
0.4501
0.4498
0.4483
0.4483
0.4474
0.4483
0.4474
0.4465
0.4459
0.4456
0.4459
0.4456
0.4446
0.4453
0.4446
0.4453
0.4456
0.4456
0.4449
0.4456
0.4456
0.4462
0.4459
0.4462
0.4468
0.4471
0.4480
0.4465
0.4483
0.4474
0.4480
0.4474
0.4468
0.4492
0.4483
0.4489
0.4477
0.4495
0.4477
0.4474
0.4480
0.4477
0.4474
0.4471
0.4468
0.4465
0.4471
0.4459
0.4459
0.4459
0.4468
0.4459
0.4462
0.4459
0.4462
0.4465
0.4459
0.4471
0.4468
0.4471
0.4471
0.4465
0.4480
0.4480
0.4474
0.4477
0.4510
0.4492
0.4486
0.4483
0.4489
0.4501
0.4486
0.4492
0.4492
0.4498
0.4492
0.4498
0.4483
0.4492
0.4492
0.4489
0.4477
0.4489
0.4486
0.4489
0.4471
0.4468
0.4489
0.4483
0.4483
0.4480
0.4480
0.4486
0.4477
0.4471
0.4474
0.4471
0.4471
0.4486
0.4471
0.4480
0.4477
0.4480
0.4477
0.4468
0.4468
0.4486
0.4480
0.4465
0.4474
0.4474
0.4471
0.4483
0.4474
0.4492
0.4486
0.4486
0.4474
0.4480
0.4486
0.4492
0.4477
0.4480
0.4489
0.4480
0.4486
0.4474
0.4486
0.4474
0.4495
0.4486
0.4486
0.4492
0.4474
0.4468
0.4477
0.4480
0.4486
0.4471
0.4492
0.4474
0.4474
0.4480
0.4483
0.4486
0.4483
0.4474
0.4489
0.4480
0.4480
0.4489
0.4483
0.4489
0.4492
0.4486
0.4480
0.4483
0.4495
0.4486
0.4501
0.4492
0.4486
0.4498
0.4489
0.4495
0.4495
0.4492
0.4489
0.4495
0.4477
0.4480
0.4483
0.4462
0.4462
0.4468
0.4474
0.4459
0.4471
0.4462
0.4474
0.4453
0.4459
0.4456
0.4468
0.4468
0.4468
0.4471
0.4465
0.4459
0.4471
0.4459
0.4459
0.4465
0.4459
0.4462
0.4465
0.4453
0.4471
0.4462
0.4462
0.4468
0.4453
0.4453
0.4456
0.4459
0.4453
0.4449
0.4449
0.4459
0.4465
0.4446
0.4459
0.4459
0.4453
0.4456
0.4459
0.4465
0.4471
0.4465
0.4471
0.4468
0.4462
0.4459
0.4459
0.4459
0.4462
0.4449
0.4465
0.4449
0.4465
0.4453
0.4459
0.4459
0.4446
0.4437
0.4453
0.4456
0.4443
0.4462
0.4449
0.4459
0.4446
0.4453
0.4449
0.4453
0.4443
0.4449
0.4446
0.4446
0.4449
0.4453
0.4453
0.4459
0.4453
0.4465
0.4471
0.4468
0.4465
0.4471
0.4480
0.4480
0.4474
0.4480
0.4474
0.4480
0.4486
0.4486
0.4483
0.4474
0.4483
0.4468
0.4483
0.4483
0.4483
0.4480
0.4483
0.4465
0.4465
0.4462
0.4477
0.4468
0.4459
0.4471
0.4465
0.4468
0.4471
0.4468
0.4459
0.4465
0.4471
0.4462
0.4474
0.4465
0.4471
0.4465
0.4480
0.4471
0.4480
0.4477
0.4480
0.4486
0.4492
0.4483
0.4489
0.4486
0.4486
0.4495
0.4504
0.4495
0.4498
0.4501
0.4504
0.4507
0.4507
0.4510
0.4492
0.4501
0.4492
0.4501
0.4492
0.4495
0.4495
0.4495
0.4495
0.4486
0.4489
0.4495
0.4489
0.4495
0.4492
0.4489
0.4483
0.4483
0.4492
0.4501
0.4483
0.4492
0.4489
0.4504
0.4504
0.4504
0.4501
0.4504
0.4504
0.4507
0.4501
0.4507
0.4507
0.4504
0.4498
0.4489
0.4504
0.4492
0.4492
0.4498
0.4480
0.4480
0.4477
0.4489
0.4483
0.4483
0.4474
0.4477
0.4471
0.4474
0.4456
0.4459
0.4468
0.4471
0.4468
0.4465
0.4471
0.4471
0.4465
0.4459
0.4446
0.4468
0.4456
0.4449
0.4453
0.4453
0.4468
0.4462
0.4468
0.4465
0.4477
0.4462
0.4474
0.4462
0.4459
0.4471
0.4465
0.4477
0.4459
0.4474
0.4459
0.4477
0.4471
0.4459
0.4462
0.4456
0.4459
0.4474
0.4453
0.4471
0.4453
0.4456
0.4459
0.4462
0.4462
0.4456
0.4471
0.4462
0.4477
0.4465
0.4471
0.4474
0.4477
0.4480
0.4471
0.4468
0.4468
0.4477
0.4468
0.4468
0.4465
0.4459
0.4468
0.4462
0.4471
0.4471
0.4480
0.4480
0.4474
0.4483
0.4483
0.4471
0.4486
0.4489
0.4486
0.4471
0.4483
0.4492
0.4477
0.4492
0.4474
0.4483
0.4483
0.4468
0.4471
0.4462
0.4471
0.4468
0.4468
0.4468
0.4459
0.4471
0.4468
0.4474
0.4462
0.4462
0.4468
0.4477
0.4477
0.4477
0.4483
0.4474
0.4480
0.4486
0.4480
0.4480
0.4486
0.4489
0.4492
0.4486
0.4480
0.4477
0.4486
0.4471
0.4468
0.4465
0.4474
0.4462
0.4465
0.4456
0.4456
0.4465
0.4453
0.4462
0.4459
0.4456
0.4456
0.4471
0.4456
0.4456
0.4462
0.4456
0.4465
0.4453
0.4459
0.4456
0.4459
0.4477
0.4468
0.4462
0.4465
0.4459
0.4477
0.4462
0.4456
0.4459
0.4468
0.4465
0.4456
0.4453
0.4465
0.4456
0.4462
0.4453
0.4443
0.4443
0.4449
0.4449
0.4456
0.4471
0.4446
0.4446
0.4459
0.4462
0.4449
0.4456
0.4462
0.4465
0.4459
0.4468
0.4462
0.4465
0.4471
0.4468
0.4477
0.4468
0.4480
0.4477
0.4471
0.4474
0.4489
0.4477
0.4480
0.4486
0.4489
0.4474
0.4483
0.4480
0.4483
0.4477
0.4474
0.4492
0.4480
0.4477
0.4477
0.4477
0.4486
0.4498
0.4480
0.4483
0.4480
0.4492
0.4495
0.4489
0.4480
0.4495
0.4495
0.4486
0.4492
0.4495
0.4495
0.4504
0.4501
0.4495
0.4492
0.4492
0.4504
0.4501
0.4504
0.4510
0.4510
0.4501
0.4507
0.4495
0.4498
0.4492
0.4529
0.4510
0.4507
0.4507
0.4504
0.4501
0.4501
0.4504
0.4507
0.4498
0.4492
0.4498
0.4498
0.4501
0.4495
0.4492
0.4480
0.4477
0.4477
0.4483
0.4483
0.4483
0.4480
0.4465
0.4477
0.4477
0.4477
0.4471
0.4462
0.4465
0.4507
0.4468
0.4462
0.4471
0.4459
0.4474
0.4465
0.4459
0.4462
0.4453
0.4446
0.4453
0.4443
0.4453
0.4443
0.4440
0.4456
0.4449
0.4459
0.4459
0.4465
0.4459
0.4465
0.4477
0.4465
0.4477
0.4480
0.4471
0.4489
0.4489
0.4480
0.4483
0.4492
0.4498
0.4498
0.4489
0.4501
0.4498
0.4489
0.4492
0.4498
0.4495
0.4504
0.4489
0.4480
0.4492
0.4501
0.4483
0.4489
0.4477
0.4483
0.4480
0.4483
0.4489
0.4495
0.4492
0.4492
0.4480
0.4492
0.4492
0.4483
0.4492
0.4489
0.4477
0.4480
0.4489
0.4477
0.4483
0.4486
0.4477
0.4492
0.4480
0.4483
0.4483
0.4480
0.4465
0.4462
0.4471
0.4471
0.4446
0.4462
0.4465
0.4462
0.4471
0.4474
0.4474
0.4474
0.4477
0.4483
0.4483
0.4480
0.4489
0.4486
0.4483
0.4483
0.4501
0.4489
0.4498
0.4483
0.4486
0.4495
0.4498
0.4486
0.4498
0.4480
0.4486
0.4495
0.4489
0.4483
0.4489
0.4486
0.4483
0.4477
0.4480
0.4459
0.4459
0.4477
0.4462
0.4453
0.4459
0.4456
0.4462
0.4449
0.4443
0.4443
0.4443
0.4446
0.4443
0.4440
0.4440
0.4443
0.4437
0.4456
0.4456
0.4446
0.4468
0.4449
0.4462
0.4456
0.4459
0.4471
0.4465
0.4465
0.4474
0.4465
0.4544
0.4465
0.4468
0.4480
0.4477
0.4483
0.4474
0.4477
0.4480
0.4474
0.4477
0.4477
0.4468
0.4474
0.4477
0.4459
0.4459
0.4462
0.4474
0.4468
0.4477
0.4477
0.4483
0.4465
0.4471
0.4480
0.4465
0.4477
0.4468
0.4477
0.4471
0.4465
0.4474
0.4465
0.4459
0.4477
0.4465
0.4471
0.4477
0.4474
0.4480
0.4483
0.4477
0.4483
0.4483
0.4492
0.4489
0.4492
0.4483
0.4492
0.4495
0.4489
0.4492
0.4495
0.4504
0.4507
0.4498
0.4507
0.4504
0.4492
0.4498
0.4498
0.4504
0.4501
0.4495
0.4492
0.4486
0.4483
0.4483
0.4483
0.4483
0.4471
0.4492
0.4483
0.4483
0.4477
0.4480
0.4477
0.4483
0.4492
0.4486
0.4489
0.4498
0.4486
0.4483
0.4492
0.4489
0.4483
0.4498
0.4483
0.4498
0.4486
0.4486
0.4492
0.4492
0.4498
0.4495
0.4504
0.4498
0.4498
0.4498
0.4486
0.4489
0.4486
0.4492
0.4498
0.4495
0.4486
0.4486
0.4492
0.4483
0.4495
0.4480
0.4495
0.4480
0.4492
0.4483
0.4480
0.4483
0.4489
0.4480
0.4492
0.4425
0.4480
0.4474
0.4480
0.4480
0.4474
0.4486
0.4474
0.4474
0.4480
0.4471
0.4486
0.4486
0.4471
0.4483
0.4483
0.4477
0.4471
0.4489
0.4483
0.4489
0.4486
0.4486
0.4489
0.4486
0.4480
0.4474
0.4474
0.4483
0.4483
0.4480
0.4468
0.4471
0.4483
0.4480
0.4480
0.4477
0.4471
0.4480
0.4474
0.4483
0.4489
0.4489
0.4492
0.4498
0.4486
0.4483
0.4489
0.4492
0.4492
0.4480
0.4480
0.4486
0.4498
0.4483
0.4480
0.4489
0.4495
0.4495
0.4492
0.4489
0.4498
0.4507
0.4507
0.4501
0.4495
0.4498
0.4507
0.4495
0.4489
0.4504
0.4495
0.4501
0.4504
0.4495
0.4492
0.4492
0.4498
0.4492
0.4492
0.4483
0.4483
0.4492
0.4501
0.4486
0.4477
0.4495
0.4489
0.4492
0.4495
0.4492
0.4495
0.4495
0.4507
0.4492
0.4507
0.4507
0.4501
0.4507
0.4504
0.4492
0.4501
0.4498
0.4501
0.4495
0.4501
0.4507
0.4498
0.4510
0.4495
0.4498
0.4498
0.4489
0.4504
0.4486
0.4492
0.4495
0.4501
0.4501
0.4492
0.4495
0.4504
0.4498
0.4507
0.4498
0.4507
0.4495
0.4495
0.4501
0.4501
0.4510
0.4498
0.4501
0.4504
0.4507
0.4498
0.4495
0.4501
0.4498
0.4501
0.4495
0.4501
0.4498
0.4495
0.4483
0.4492
0.4480
0.4504
0.4486
0.4483
0.4492
0.4495
0.4483
0.4486
0.4489
0.4495
0.4480
0.4483
0.4489
0.4474
0.4492
0.4477
0.4477
0.4483
0.4492
0.4486
0.4489
0.4474
0.4474
0.4480
0.4477
0.4477
0.4486
0.4480
0.4486
0.4471
0.4474
0.4471
0.4471
0.4474
0.4474
0.4489
0.4477
0.4480
0.4462
0.4480
0.4486
0.4480
0.4483
0.4483
0.4480
0.4483
0.4477
0.4477
0.4480
0.4471
0.4474
0.4474
0.4477
0.4486
0.4486
0.4483
0.4477
0.4471
0.4471
0.4471
0.4486
0.4474
0.4480
0.4483
0.4483
0.4480
0.4489
0.4492
0.4495
0.4489
0.4495
0.4492
0.4495
0.4492
0.4489
0.4498
0.4483
0.4495
0.4489
0.4495
0.4480
0.4495
0.4486
0.4486
0.4483
0.4489
0.4495
0.4486
0.4492
0.4495
0.4498
0.4492
0.4483
0.4492
0.4486
0.4483
0.4486
0.4483
0.4480
0.4483
0.4486
0.4477
0.4474
0.4480
0.4477
0.4486
0.4486
0.4483
0.4471
0.4471
0.4483
0.4483
0.4477
0.4495
0.4483
0.4489
0.4483
0.4486
0.4489
0.4492
0.4489
0.4477
0.4474
0.4477
0.4489
0.4489
0.4477
0.4480
0.4471
0.4480
0.4483
0.4474
0.4474
0.4474
0.4477
0.4489
0.4477
0.4483
0.4486
0.4486
0.4489
0.4483
0.4495
0.4483
0.4498
0.4489
0.4495
0.4501
0.4495
0.4489
0.4492
0.4483
0.4498
0.4489
0.4492
0.4501
0.4495
0.4498
0.4492
0.4486
0.4498
0.4483
0.4480
0.4486
0.4495
0.4495
0.4483
0.4483
0.4483
0.4495
0.4492
0.4492
0.4480
0.4492
0.4489
0.4492
0.4480
0.4489
0.4492
0.4477
0.4495
0.4477
0.4489
0.4477
0.4492
0.4492
0.4489
0.4486
0.4480
0.4477
0.4483
0.4480
0.4489
0.4480
0.4480
0.4480
0.4486
0.4483
0.4486
0.4474
0.4477
0.4480
0.4471
0.4477
0.4471
0.4474
0.4477
0.4480
0.4477
0.4489
0.4468
0.4477
0.4477
0.4471
0.4477
0.4480
0.4474
0.4462
0.4468
0.4465
0.4459
0.4465
0.4477
0.4462
0.4465
0.4474
0.4459
0.4459
0.4465
0.4462
0.4471
0.4459
0.4462
0.4468
0.4465
0.4465
0.4459
0.4465
0.4468
0.4477
0.4477
0.4474
0.4462
0.4471
0.4462
0.4477
0.4468
0.4483
0.4477
0.4483
0.4477
0.4480
0.4483
0.4486
0.4492
0.4492
0.4489
