0.5264
0.5267
0.5273
0.5273
0.5267
0.5255
0.5264
0.5252
0.5267
0.5255
0.5264
0.5264
0.5252
0.5264
0.5255
0.5261
0.5255
0.5258
0.5267
0.5264
0.5252
0.5255
0.5255
0.5261
0.5249
0.5249
0.5264
0.5249
0.5252
0.5261
0.5252
0.5249
0.5252
0.5240
0.5252
0.5246
0.5252
0.5243
0.5255
0.5252
0.5249
0.5255
0.5249
0.5252
0.5246
0.5255
0.5246
0.5234
0.5246
0.5237
0.5225
0.5228
0.5225
0.5228
0.5228
0.5222
0.5225
0.5225
0.5225
0.5228
0.5225
0.5219
0.5228
0.5231
0.5225
0.5222
0.5228
0.5231
0.5228
0.5225
0.5225
0.5215
0.5215
0.5237
0.5231
0.5225
0.5231
0.5228
0.5246
0.5234
0.5243
0.5243
0.5252
0.5243
0.5246
0.5249
0.5252
0.5255
0.5264
0.5252
0.5249
0.5261
0.5270
0.5264
0.5267
0.5264
0.5264
0.5264
0.5267
0.5264
0.5270
0.5267
0.5267
0.5255
0.5258
0.5258
0.5240
0.5246
0.5234
0.5225
0.5231
0.5222
0.5222
0.5228
0.5228
0.5231
0.5228
0.5225
0.5225
0.5234
0.5228
0.5237
0.5240
0.5243
0.5225
0.5237
0.5231
0.5231
0.5243
0.5225
0.5225
0.5231
0.5240
0.5240
0.5234
0.5246
0.5243
0.5234
0.5243
0.5249
0.5246
0.5240
0.5243
0.5252
0.5249
0.5255
0.5255
0.5264
0.5258
0.5258
0.5264
0.5264
0.5264
0.5261
0.5255
0.5267
0.5264
0.5252
0.5295
0.5243
0.5240
0.5237
0.5243
0.5243
0.5225
0.5237
0.5234
0.5225
0.5228
0.5228
0.5222
0.5234
0.5237
0.5225
0.5231
0.5243
0.5255
0.5249
0.5258
0.5234
0.5246
0.5258
0.5246
0.5243
0.5246
0.5240
0.5240
0.5246
0.5234
0.5240
0.5234
0.5237
0.5225
0.5215
0.5219
0.5225
0.5215
0.5219
0.5225
0.5225
0.5206
0.5206
0.5225
0.5212
0.5215
0.5225
0.5228
0.5225
0.5219
0.5203
0.5215
0.5215
0.5215
0.5209
0.5215
0.5212
0.5222
0.5222
0.5209
0.5219
0.5228
0.5231
0.5234
0.5249
0.5240
0.5246
0.5237
0.5228
0.5264
0.5252
0.5252
0.5252
0.5249
0.5261
0.5258
0.5249
0.5249
0.5249
0.5280
0.5243
0.5237
0.5240
0.5231
0.5246
0.5240
0.5249
0.5243
0.5249
0.5249
0.5252
0.5240
0.5243
0.5246
0.5252
0.5249
0.5258
0.5267
0.5255
0.5261
0.5249
0.5255
0.5234
0.5243
0.5231
0.5225
0.5231
0.5225
0.5234
0.5228
0.5215
0.5225
0.5234
0.5215
0.5225
0.5225
0.5215
0.5243
0.5219
0.5222
0.5222
0.5234
0.5234
0.5231
0.5234
0.5252
0.5258
0.5252
0.5258
0.5255
0.5255
0.5273
0.5267
0.5261
0.5264
0.5276
0.5273
0.5264
0.5270
0.5270
0.5286
0.5261
0.5258
0.5261
0.5258
0.5264
0.5258
0.5276
0.5270
0.5212
0.5273
0.5267
0.5267
0.5273
0.5264
0.5267
0.5270
0.5273
0.5273
0.5280
0.5261
0.5280
0.5283
0.5273
0.5270
0.5276
0.5264
0.5289
0.5273
0.5286
0.5280
0.5276
0.5286
0.5276
0.5280
0.5283
0.5273
0.5273
0.5273
0.5258
0.5267
0.5267
0.5267
0.5249
0.5252
0.5258
0.5252
0.5264
0.5249
0.5252
0.5252
0.5237
0.5237
0.5234
0.5228
0.5231
0.5219
0.5228
0.5215
0.5231
0.5219
0.5234
0.5219
0.5222
0.5225
0.5225
0.5231
0.5243
0.5231
0.5234
0.5234
0.5234
0.5240
0.5231
0.5231
0.5228
0.5237
0.5225
0.5225
0.5228
0.5228
0.5212
0.5225
0.5215
0.5225
0.5215
0.5222
0.5206
0.5203
0.5200
0.5194
0.5203
0.5203
0.5203
0.5206
0.5203
0.5212
0.5215
0.5219
0.5219
0.5212
0.5203
0.5206
0.5209
0.5197
0.5200
0.5212
0.5197
0.5194
0.5206
0.5200
0.5212
0.5215
0.5200
0.5197
0.5206
0.5209
0.5206
0.5206
0.5215
0.5212
0.5219
0.5209
0.5228
0.5225
0.5222
0.5225
0.5228
0.5237
0.5234
0.5240
0.5234
0.5246
0.5252
0.5234
0.5255
0.5255
0.5255
0.5246
0.5261
0.5255
0.5264
0.5267
0.5276
0.5270
0.5273
0.5264
0.5273
0.5261
0.5261
0.5276
0.5276
0.5276
0.5267
0.5264
0.5273
0.5270
0.5276
0.5258
0.5267
0.5231
0.5261
0.5273
0.5258
0.5270
0.5273
0.5264
0.5276
0.5261
0.5280
0.5258
0.5276
0.5267
0.5270
0.5270
0.5255
0.5264
0.5258
0.5264
0.5249
0.5258
0.5252
0.5258
0.5258
0.5252
0.5249
0.5249
0.5249
0.5234
0.5228
0.5237
0.5237
0.5234
0.5231
0.5225
0.5225
0.5240
0.5237
0.5228
0.5222
0.5237
0.5228
0.5234
0.5215
0.5228
0.5212
0.5219
0.5212
0.5222
0.5209
0.5222
0.5219
0.5219
0.5225
0.5215
0.5212
0.5225
0.5228
0.5212
0.5228
0.5225
0.5225
0.5219
0.5234
0.5234
0.5219
0.5219
0.5228
0.5231
0.5222
0.5231
0.5222
0.5228
0.5225
0.5222
0.5228
0.5234
0.5231
0.5225
0.5234
0.5222
0.5237
0.5231
0.5225
0.5225
0.5225
0.5237
0.5240
0.5234
0.5234
0.5246
0.5252
0.5234
0.5234
0.5240
0.5237
0.5240
0.5243
0.5243
0.5255
0.5231
0.5243
0.5231
0.5237
0.5234
0.5243
0.5225
0.5219
0.5222
0.5237
0.5228
0.5234
0.5237
0.5228
0.5234
0.5234
0.5243
0.5243
0.5243
0.5243
0.5246
0.5243
0.5246
0.5252
0.5249
0.5258
0.5249
0.5252
0.5249
0.5255
0.5261
0.5273
0.5252
0.5255
0.5267
0.5273
0.5264
0.5267
0.5273
0.5255
0.5267
0.5267
0.5264
0.5273
0.5267
0.5261
0.5273
0.5258
0.5267
0.5273
0.5276
0.5267
0.5264
0.5270
0.5258
0.5267
0.5270
0.5249
0.5258
0.5261
0.5252
0.5252
0.5243
0.5252
0.5258
0.5252
0.5252
0.5255
0.5234
0.5255
0.5243
0.5237
0.5234
0.5246
0.5240
0.5240
0.5249
0.5252
0.5243
0.5249
0.5249
0.5249
0.5246
0.5234
0.5252
0.5252
0.5246
0.5243
0.5240
0.5252
0.5246
0.5264
0.5261
0.5270
0.5267
0.5270
0.5286
0.5273
0.5286
0.5286
0.5289
0.5292
0.5286
0.5283
0.5298
0.5286
0.5295
0.5280
0.5286
0.5292
0.5286
0.5292
0.5276
0.5283
0.5280
0.5280
0.5264
0.5267
0.5273
0.5273
0.5264
0.5270
0.5264
0.5255
0.5276
0.5267
0.5255
0.5258
0.5264
0.5258
0.5249
0.5240
0.5240
0.5246
0.5249
0.5237
0.5237
0.5237
0.5234
0.5234
0.5228
0.5234
0.5228
0.5219
0.5228
0.5225
0.5209
0.5215
0.5206
0.5206
0.5203
0.5215
0.5200
0.5209
0.5212
0.5197
0.5203
0.5194
0.5197
0.5191
0.5191
0.5194
0.5185
0.5194
0.5203
0.5197
0.5209
0.5194
0.5209
0.5200
0.5209
0.5215
0.5203
0.5215
0.5215
0.5209
0.5215
0.5209
0.5219
0.5225
0.5222
0.5225
0.5219
0.5234
0.5234
0.5243
0.5240
0.5243
0.5231
0.5231
0.5225
0.5234
0.5228
0.5234
0.5225
0.5222
0.5222
0.5225
0.5212
0.5231
0.5212
0.5215
0.5209
0.5219
0.5212
0.5215
0.5209
0.5203
0.5206
0.5212
0.5225
0.5222
0.5212
0.5203
0.5225
0.5222
0.5222
0.5228
0.5231
0.5228
0.5228
0.5237
0.5234
0.5234
0.5225
0.5240
0.5240
0.5234
0.5243
0.5234
0.5246
0.5231
0.5243
0.5240
0.5249
0.5234
0.5237
0.5240
0.5237
0.5249
0.5240
0.5246
0.5243
0.5249
0.5237
0.5249
0.5234
0.5234
0.5243
0.5234
0.5237
0.5237
0.5231
0.5228
0.5240
0.5234
0.5237
0.5237
0.5243
0.5240
0.5237
0.5252
0.5240
0.5252
0.5243
0.5249
0.5252
0.5246
0.5234
0.5228
0.5243
0.5240
0.5228
0.5234
0.5234
0.5237
0.5237
0.5231
0.5225
0.5234
0.5234
0.5225
0.5228
0.5234
0.5228
0.5237
0.5234
0.5228
0.5228
0.5228
0.5234
0.5243
0.5225
0.5228
0.5237
0.5225
0.5237
0.5225
0.5234
0.5237
0.5234
0.5240
0.5237
0.5237
0.5237
0.5240
0.5243
0.5243
0.5234
0.5243
0.5234
0.5228
0.5219
0.5225
0.5228
0.5228
0.5219
0.5215
0.5225
0.5225
0.5215
0.5225
0.5228
0.5225
0.5222
0.5219
0.5243
0.5234
0.5243
0.5249
0.5252
0.5252
0.5246
0.5246
0.5252
0.5258
0.5252
0.5255
0.5249
0.5267
0.5273
0.5270
0.5270
0.5264
0.5261
0.5273
0.5261
0.5267
0.5280
0.5261
0.5273
0.5261
0.5261
0.5264
0.5255
0.5258
0.5258
0.5249
0.5240
0.5252
0.5240
0.5249
0.5249
0.5240
0.5252
0.5252
0.5249
0.5243
0.5252
0.5240
0.5249
0.5240
0.5246
0.5246
0.5249
0.5246
0.5243
0.5258
0.5252
0.5249
0.5252
0.5252
0.5243
0.5246
0.5273
0.5252
0.5255
0.5249
0.5249
0.5249
0.5246
0.5246
0.5249
0.5237
0.5252
0.5243
0.5258
0.5255
0.5258
0.5249
0.5258
0.5252
0.5258
0.5258
0.5261
0.5255
0.5276
0.5276
0.5270
0.5280
0.5276
0.5261
0.5261
0.5264
0.5255
0.5264
0.5249
0.5261
0.5249
0.5252
0.5252
0.5261
0.5252
0.5255
0.5258
0.5255
0.5258
0.5252
0.5261
0.5258
0.5261
0.5264
0.5258
0.5246
0.5246
0.5255
0.5243
0.5246
0.5246
0.5234
0.5243
0.5228
0.5237
0.5231
0.5231
0.5225
0.5225
0.5219
0.5240
0.5225
0.5234
0.5237
0.5228
0.5231
0.5231
0.5228
0.5237
0.5231
0.5240
0.5249
0.5234
0.5231
0.5234
0.5243
0.5234
0.5225
0.5231
0.5243
0.5237
0.5237
0.5240
0.5234
0.5234
0.5225
0.5228
0.5225
0.5228
0.5215
0.5237
0.5219
0.5222
0.5225
0.5228
0.5234
0.5237
0.5234
0.5231
0.5225
0.5234
0.5249
0.5237
0.5255
0.5255
0.5255
0.5264
0.5273
0.5264
0.5276
0.5273
0.5280
0.5264
0.5276
0.5280
0.5286
0.5298
0.5280
0.5286
0.5301
0.5292
0.5295
0.5286
0.5295
0.5298
0.5295
0.5286
0.5283
0.5289
0.5286
0.5273
0.5270
0.5283
0.5276
0.5273
0.5270
0.5267
0.5276
0.5264
0.5258
0.5264
0.5264
0.5252
0.5255
0.5249
0.5264
0.5267
0.5264
0.5252
0.5252
0.5270
0.5267
0.5270
0.5267
0.5276
0.5283
0.5286
0.5283
0.5280
0.5286
0.5283
0.5292
0.5280
0.5289
0.5283
0.5283
0.5270
0.5276
0.5273
0.5267
0.5270
0.5255
0.5246
0.5252
0.5170
0.5246
0.5228
0.5237
0.5243
0.5234
0.5237
0.5240
0.5252
0.5261
0.5258
0.5267
0.5264
0.5270
0.5283
0.5273
0.5286
0.5289
0.5276
0.5276
0.5280
0.5276
0.5295
0.5283
0.5292
0.5286
0.5276
0.5273
0.5261
0.5264
0.5264
0.5267
0.5273
0.5255
0.5255
0.5252
0.5258
0.5255
0.5255
0.5258
0.5258
0.5231
0.5249
0.5252
0.5249
0.5249
0.5240
0.5261
0.5240
0.5255
0.5243
0.5258
0.5246
0.5255
0.5255
0.5252
0.5252
0.5249
0.5255
0.5252
0.5237
0.5240
0.5249
0.5240
0.5240
0.5237
0.5237
0.5252
0.5234
0.5249
0.5240
0.5252
0.5240
0.5231
0.5237
0.5249
0.5234
0.5240
0.5240
0.5246
0.5246
0.5252
0.5252
0.5243
0.5240
0.5240
0.5240
0.5246
0.5237
0.5234
0.5228
0.5240
0.5228
0.5228
0.5234
0.5225
0.5237
0.5228
0.5234
0.5243
0.5234
0.5228
0.5237
0.5240
0.5246
0.5234
0.5240
0.5252
0.5243
0.5255
0.5249
0.5243
0.5255
0.5255
0.5246
0.5252
0.5252
0.5258
0.5243
0.5237
0.5252
0.5234
0.5249
0.5234
0.5240
0.5231
0.5228
0.5228
0.5212
0.5228
0.5219
0.5225
0.5228
0.5215
0.5222
0.5225
0.5215
0.5228
0.5209
0.5225
0.5215
0.5215
0.5225
0.5231
0.5231
0.5222
0.5231
0.5231
0.5240
0.5231
0.5231
0.5237
0.5237
0.5252
0.5237
0.5249
0.5249
0.5246
0.5252
0.5249
0.5246
0.5246
0.5249
0.5234
0.5240
0.5240
0.5240
0.5237
0.5246
0.5234
0.5234
0.5237
0.5237
0.5246
0.5249
0.5246
0.5255
0.5249
0.5240
0.5249
0.5252
0.5252
0.5258
0.5240
0.5261
0.5264
0.5267
0.5273
0.5249
0.5252
0.5252
0.5252
0.5252
0.5255
0.5249
0.5249
0.5249
0.5255
0.5243
0.5252
0.5249
0.5243
0.5231
0.5243
0.5231
0.5237
0.5237
0.5228
0.5234
0.5243
0.5228
0.5240
0.5234
0.5246
0.5243
0.5252
0.5310
0.5252
0.5246
0.5261
0.5267
0.5264
0.5252
0.5252
0.5252
0.5255
0.5255
0.5261
0.5252
0.5264
0.5261
0.5252
0.5255
0.5261
0.5264
0.5261
0.5252
0.5249
0.5249
0.5249
0.5249
0.5240
0.5243
0.5237
0.5243
0.5234
0.5237
0.5231
0.5234
0.5237
0.5228
0.5228
0.5231
0.5228
0.5234
0.5231
0.5234
0.5249
0.5246
0.5234
0.5249
0.5234
0.5234
0.5249
0.5252
0.5246
0.5252
0.5243
0.5252
0.5249
0.5249
0.5252
0.5246
0.5246
0.5240
0.5237
0.5249
0.5240
0.5237
0.5249
0.5237
0.5231
0.5237
0.5240
0.5237
0.5246
0.5246
0.5246
0.5197
0.5240
0.5234
0.5246
0.5246
0.5243
0.5234
0.5249
0.5246
0.5243
0.5249
0.5249
0.5243
0.5246
0.5243
0.5240
0.5249
0.5255
0.5252
0.5249
0.5246
0.5264
0.5264
0.5261
0.5252
0.5255
0.5249
0.5267
0.5249
0.5249
0.5258
0.5255
0.5243
0.5240
0.5234
0.5246
0.5249
0.5267
0.5240
0.5240
0.5225
0.5225
0.5228
0.5228
0.5215
0.5219
0.5219
0.5215
0.5225
0.5222
0.5219
0.5219
0.5219
0.5209
0.5209
0.5209
0.5228
0.5215
0.5228
0.5228
0.5237
0.5243
0.5249
0.5261
0.5237
0.5252
0.5249
0.5252
0.5258
0.5261
0.5249
0.5261
0.5249
0.5255
0.5243
0.5246
0.5252
0.5234
0.5243
0.5237
0.5237
0.5249
0.5249
0.5243
0.5249
0.5243
0.5243
0.5237
0.5234
0.5231
0.5215
0.5215
0.5222
