0.6516
0.6519
0.6525
0.6512
0.6509
0.6522
0.6503
0.6516
0.6506
0.6500
0.6500
0.6497
0.6491
0.6497
0.6494
0.6500
0.6488
0.6482
0.6485
0.6482
0.6479
0.6482
0.6485
0.6497
0.6494
0.6497
0.6497
0.6506
0.6497
0.6500
0.6503
0.6516
0.6503
0.6516
0.6506
0.6506
0.6500
0.6512
0.6491
0.6488
0.6503
0.6503
0.6506
0.6512
0.6512
0.6509
0.6503
0.6509
0.6506
0.6506
0.6506
0.6509
0.6497
0.6503
0.6509
0.6522
0.6512
0.6509
0.6509
0.6500
0.6494
0.6485
0.6488
0.6476
0.6491
0.6488
0.6491
0.6485
0.6494
0.6479
0.6482
0.6485
0.6485
0.6488
0.6494
0.6497
0.6500
0.6506
0.6512
0.6522
0.6525
0.6522
0.6522
0.6528
0.6534
0.6525
0.6534
0.6534
0.6522
0.6522
0.6519
0.6531
0.6516
0.6522
0.6516
0.6528
0.6522
0.6509
0.6506
0.6522
0.6522
0.6512
0.6512
0.6509
0.6503
0.6512
0.6506
0.6512
0.6506
0.6506
0.6509
0.6497
0.6497
0.6506
0.6509
0.6516
0.6509
0.6519
0.6509
0.6528
0.6531
0.6525
0.6537
0.6534
0.6537
0.6546
0.6540
0.6552
0.6555
0.6543
0.6540
0.6534
0.6534
0.6528
0.6531
0.6525
0.6503
0.6497
0.6491
0.6488
0.6497
0.6473
0.6467
0.6482
0.6464
0.6473
0.6464
0.6479
0.6470
0.6476
0.6476
0.6476
0.6494
0.6485
0.6485
0.6485
0.6485
0.6482
0.6488
0.6482
0.6485
0.6485
0.6485
0.6476
0.6485
0.6482
0.6482
0.6479
0.6470
0.6470
0.6464
0.6476
0.6464
0.6467
0.6482
0.6491
0.6488
0.6491
0.6503
0.6503
0.6500
0.6500
0.6512
0.6516
0.6509
0.6503
0.6519
0.6519
0.6516
0.6519
0.6534
0.6537
0.6534
0.6543
0.6543
0.6537
0.6531
0.6543
0.6543
0.6534
0.6531
0.6534
0.6531
0.6531
0.6528
0.6509
0.6519
0.6516
0.6512
0.6503
0.6519
0.6509
0.6506
0.6503
0.6503
0.6494
0.6500
0.6485
0.6497
0.6485
0.6494
0.6485
0.6473
0.6485
0.6476
0.6473
0.6476
0.6482
0.6479
0.6482
0.6485
0.6479
0.6488
0.6485
0.6485
0.6497
0.6488
0.6494
0.6497
0.6497
0.6491
0.6491
0.6482
0.6494
0.6491
0.6485
0.6482
0.6485
0.6482
0.6473
0.6476
0.6485
0.6488
0.6485
0.6488
0.6479
0.6488
0.6488
0.6485
0.6479
0.6500
0.6488
0.6494
0.6506
0.6503
0.6506
0.6519
0.6509
0.6512
0.6519
0.6506
0.6519
0.6519
0.6506
0.6500
0.6506
0.6506
0.6500
0.6506
0.6506
0.6506
0.6500
0.6512
0.6506
0.6509
0.6494
0.6491
0.6482
0.6494
0.6494
0.6479
0.6476
0.6485
0.6476
0.6476
0.6488
0.6482
0.6494
0.6479
0.6485
0.6476
0.6485
0.6479
0.6482
0.6473
0.6476
0.6461
0.6473
0.6473
0.6476
0.6458
0.6461
0.6464
0.6476
0.6467
0.6473
0.6470
0.6467
0.6479
0.6473
0.6482
0.6476
0.6470
0.6476
0.6482
0.6479
0.6491
0.6479
0.6494
0.6485
0.6497
0.6494
0.6500
0.6509
0.6491
0.6509
0.6497
0.6512
0.6500
0.6497
0.6494
0.6497
0.6503
0.6516
0.6516
0.6525
0.6528
0.6516
0.6512
0.6522
0.6519
0.6509
0.6516
0.6512
0.6506
0.6497
0.6497
0.6503
0.6494
0.6494
0.6497
0.6500
0.6500
0.6503
0.6497
0.6500
0.6516
0.6500
0.6519
0.6509
0.6519
0.6512
0.6512
0.6516
0.6516
0.6519
0.6516
0.6528
0.6531
0.6525
0.6528
0.6522
0.6534
0.6537
0.6525
0.6522
0.6519
0.6512
0.6512
0.6500
0.6497
0.6488
0.6509
0.6509
0.6509
0.6525
0.6506
0.6516
0.6519
0.6519
0.6519
0.6522
0.6522
0.6522
0.6528
0.6531
0.6531
0.6543
0.6537
0.6543
0.6546
0.6552
0.6546
0.6549
0.6561
0.6549
0.6558
0.6543
0.6552
0.6549
0.6543
0.6534
0.6528
0.6522
0.6516
0.6522
0.6519
0.6516
0.6500
0.6500
0.6500
0.6488
0.6500
0.6497
0.6488
0.6491
0.6485
0.6482
0.6500
0.6494
0.6494
0.6494
0.6506
0.6500
0.6512
0.6500
0.6506
0.6509
0.6503
0.6512
0.6509
0.6519
0.6522
0.6531
0.6512
0.6528
0.6528
0.6525
0.6528
0.6516
0.6534
0.6528
0.6534
0.6519
0.6509
0.6525
0.6506
0.6503
0.6503
0.6506
0.6503
0.6494
0.6491
0.6488
0.6485
0.6497
0.6491
0.6497
0.6503
0.6506
0.6500
0.6494
0.6494
0.6488
0.6500
0.6494
0.6494
0.6491
0.6485
0.6491
0.6491
0.6485
0.6494
0.6488
0.6479
0.6479
0.6482
0.6488
0.6497
0.6488
0.6500
0.6488
0.6485
0.6488
0.6476
0.6494
0.6476
0.6473
0.6485
0.6473
0.6485
0.6494
0.6500
0.6497
0.6497
0.6491
0.6491
0.6497
0.6497
0.6491
0.6506
0.6503
0.6512
0.6503
0.6494
0.6497
0.6497
0.6491
0.6488
0.6488
0.6494
0.6497
0.6497
0.6500
0.6500
0.6494
0.6494
0.6500
0.6485
0.6476
0.6476
0.6482
0.6473
0.6485
0.6464
0.6473
0.6467
0.6476
0.6476
0.6464
0.6461
0.6476
0.6461
0.6467
0.6458
0.6464
0.6458
0.6454
0.6467
0.6451
0.6461
0.6458
0.6442
0.6448
0.6445
0.6436
0.6439
0.6445
0.6445
0.6436
0.6461
0.6451
0.6454
0.6461
0.6473
0.6473
0.6461
0.6473
0.6448
0.6473
0.6485
0.6473
0.6485
0.6476
0.6464
0.6470
0.6458
0.6458
0.6461
0.6467
0.6461
0.6461
0.6461
0.6454
0.6467
0.6451
0.6461
0.6454
0.6458
0.6445
0.6454
0.6451
0.6464
0.6464
0.6467
0.6454
0.6458
0.6470
0.6473
0.6470
0.6473
0.6470
0.6464
0.6458
0.6458
0.6458
0.6467
0.6464
0.6473
0.6476
0.6467
0.6473
0.6482
0.6482
0.6479
0.6491
0.6476
0.6488
0.6482
0.6479
0.6476
0.6470
0.6476
0.6470
0.6473
0.6464
0.6461
0.6458
0.6458
0.6445
0.6451
0.6445
0.6448
0.6442
0.6451
0.6454
0.6445
0.6451
0.6445
0.6445
0.6451
0.6445
0.6458
0.6445
0.6442
0.6445
0.6445
0.6451
0.6464
0.6464
0.6467
0.6461
0.6476
0.6479
0.6485
0.6479
0.6479
0.6497
0.6500
0.6494
0.6473
0.6491
0.6494
0.6497
0.6488
0.6497
0.6494
0.6488
0.6476
0.6482
0.6479
0.6470
0.6476
0.6470
0.6476
0.6467
0.6467
0.6473
0.6467
0.6454
0.6461
0.6470
0.6445
0.6458
0.6461
0.6461
0.6461
0.6464
0.6454
0.6454
0.6458
0.6467
0.6467
0.6470
0.6473
0.6467
0.6479
0.6476
0.6479
0.6476
0.6479
0.6467
0.6461
0.6470
0.6470
0.6464
0.6467
0.6448
0.6448
0.6461
0.6464
0.6458
0.6458
0.6454
0.6439
0.6454
0.6451
0.6445
0.6458
0.6458
0.6458
0.6451
0.6470
0.6464
0.6464
0.6482
0.6485
0.6482
0.6479
0.6491
0.6491
0.6497
0.6497
0.6509
0.6506
0.6509
0.6509
0.6500
0.6503
0.6512
0.6500
0.6509
0.6506
0.6522
0.6512
0.6512
0.6503
0.6500
0.6494
0.6494
0.6503
0.6503
0.6494
0.6491
0.6485
0.6497
0.6479
0.6473
0.6473
0.6479
0.6482
0.6470
0.6482
0.6479
0.6494
0.6488
0.6497
0.6497
0.6503
0.6497
0.6497
0.6506
0.6512
0.6503
0.6503
0.6506
0.6516
0.6506
0.6512
0.6503
0.6509
0.6506
0.6500
0.6491
0.6512
0.6509
0.6506
0.6519
0.6506
0.6516
0.6519
0.6506
0.6500
0.6509
0.6506
0.6512
0.6494
0.6509
0.6497
0.6506
0.6506
0.6494
0.6491
0.6488
0.6488
0.6485
0.6476
0.6476
0.6479
0.6473
0.6482
0.6467
0.6467
0.6479
0.6467
0.6473
0.6479
0.6488
0.6494
0.6473
0.6488
0.6500
0.6497
0.6503
0.6516
0.6516
0.6506
0.6525
0.6516
0.6516
0.6522
0.6534
0.6528
0.6540
0.6537
0.6531
0.6522
0.6537
0.6531
0.6531
0.6516
0.6516
0.6512
0.6497
0.6491
0.6497
0.6494
0.6500
0.6479
0.6479
0.6479
0.6476
0.6470
0.6470
0.6461
0.6436
0.6454
0.6470
0.6473
0.6479
0.6467
0.6461
0.6482
0.6467
0.6470
0.6470
0.6476
0.6470
0.6479
0.6461
0.6464
0.6476
0.6458
0.6458
0.6454
0.6467
0.6458
0.6442
0.6445
0.6442
0.6439
0.6451
0.6442
0.6451
0.6461
0.6458
0.6448
0.6451
0.6454
0.6451
0.6458
0.6445
0.6445
0.6445
0.6454
0.6451
0.6451
0.6458
0.6461
0.6461
0.6467
0.6467
0.6467
0.6467
0.6479
0.6467
0.6470
0.6476
0.6482
0.6494
0.6482
0.6497
0.6497
0.6491
0.6503
0.6497
0.6497
0.6497
0.6497
0.6491
0.6485
0.6488
0.6485
0.6482
0.6473
0.6479
0.6485
0.6482
0.6491
0.6491
0.6497
0.6500
0.6500
0.6506
0.6506
0.6506
0.6512
0.6519
0.6519
0.6516
0.6519
0.6506
0.6509
0.6503
0.6512
0.6519
0.6506
0.6512
0.6512
0.6506
0.6509
0.6519
0.6503
0.6512
0.6509
0.6516
0.6506
0.6500
0.6500
0.6500
0.6497
0.6503
0.6503
0.6500
0.6494
0.6500
0.6479
0.6485
0.6467
0.6485
0.6473
0.6485
0.6488
0.6488
0.6479
0.6494
0.6491
0.6497
0.6488
0.6494
0.6503
0.6503
0.6506
0.6503
0.6506
0.6512
0.6503
0.6509
0.6500
0.6512
0.6519
0.6512
0.6516
0.6503
0.6497
0.6509
0.6491
0.6482
0.6479
0.6479
0.6470
0.6479
0.6458
0.6458
0.6458
0.6458
0.6451
0.6464
0.6448
0.6454
0.6458
0.6454
0.6461
0.6461
0.6454
0.6470
0.6476
0.6467
0.6467
0.6476
0.6482
0.6464
0.6473
0.6461
0.6467
0.6470
0.6451
0.6454
0.6458
0.6451
0.6464
0.6464
0.6464
0.6454
0.6461
0.6473
0.6473
0.6476
0.6476
0.6494
0.6500
0.6500
0.6509
0.6503
0.6519
0.6519
0.6522
0.6525
0.6570
0.6540
0.6525
0.6531
0.6522
0.6528
0.6528
0.6543
0.6531
0.6528
0.6546
0.6546
0.6537
0.6534
0.6543
0.6552
0.6549
0.6549
0.6537
0.6540
0.6549
0.6546
0.6540
0.6531
0.6537
0.6540
0.6534
0.6540
0.6534
0.6537
0.6528
0.6531
0.6534
0.6519
0.6531
0.6503
0.6503
0.6500
0.6494
0.6500
0.6503
0.6500
0.6497
0.6500
0.6512
0.6509
0.6497
0.6491
0.6491
0.6482
0.6479
0.6488
0.6482
0.6476
0.6485
0.6479
0.6482
0.6494
0.6479
0.6482
0.6485
0.6494
0.6485
0.6494
0.6488
0.6497
0.6500
0.6497
0.6509
0.6500
0.6494
0.6509
0.6500
0.6494
0.6506
0.6500
0.6500
0.6503
0.6512
0.6503
0.6509
0.6522
0.6509
0.6503
0.6519
0.6500
0.6497
0.6500
0.6488
0.6485
0.6497
0.6497
0.6491
0.6476
0.6479
0.6473
0.6476
0.6485
0.6485
0.6476
0.6467
0.6470
0.6482
0.6470
0.6479
0.6476
0.6470
0.6470
0.6476
0.6461
0.6467
0.6458
0.6448
0.6451
0.6439
0.6445
0.6451
0.6433
0.6451
0.6451
0.6458
0.6461
0.6454
0.6461
0.6473
0.6479
0.6485
0.6491
0.6497
0.6503
0.6494
0.6519
0.6519
0.6525
0.6525
0.6540
0.6537
0.6537
0.6543
0.6546
0.6540
0.6525
0.6522
0.6522
0.6531
0.6528
0.6537
0.6534
0.6516
0.6531
0.6522
0.6531
0.6522
0.6522
0.6506
0.6503
0.6497
0.6500
0.6497
0.6503
0.6503
0.6503
0.6494
0.6494
0.6500
0.6506
0.6506
0.6522
0.6522
0.6522
0.6519
0.6537
0.6534
0.6528
0.6525
0.6531
0.6525
0.6528
0.6528
0.6525
0.6516
0.6516
0.6506
0.6516
0.6503
0.6509
0.6497
0.6500
0.6500
0.6488
0.6488
0.6491
0.6488
0.6476
0.6485
0.6476
0.6482
0.6491
0.6491
0.6491
0.6482
0.6479
0.6485
0.6485
0.6476
0.6485
0.6494
0.6494
0.6485
0.6491
0.6503
0.6500
0.6506
0.6497
0.6500
0.6503
0.6494
0.6497
0.6491
0.6500
0.6482
0.6494
0.6482
0.6497
0.6485
0.6494
0.6485
0.6485
0.6482
0.6497
0.6482
0.6494
0.6485
0.6488
0.6494
0.6500
0.6482
0.6497
0.6482
0.6494
0.6491
0.6488
0.6473
0.6470
0.6488
0.6473
0.6473
0.6482
0.6485
0.6482
0.6461
0.6488
0.6485
0.6494
0.6488
0.6491
0.6500
0.6491
0.6500
0.6503
0.6491
0.6506
0.6494
0.6488
0.6488
0.6488
0.6494
0.6476
0.6482
0.6482
0.6485
0.6479
0.6491
0.6479
0.6488
0.6497
0.6497
0.6506
0.6500
0.6519
0.6519
0.6522
0.6525
0.6525
0.6531
0.6522
0.6534
0.6528
0.6522
0.6519
0.6509
0.6509
0.6497
0.6500
0.6503
0.6497
0.6500
0.6500
0.6497
0.6506
0.6503
0.6522
0.6516
0.6516
0.6519
0.6512
0.6512
0.6519
0.6516
0.6506
0.6506
0.6500
0.6497
0.6500
0.6497
0.6512
0.6503
0.6506
0.6519
0.6509
0.6509
0.6519
0.6506
0.6506
0.6522
0.6519
0.6519
0.6522
0.6528
0.6537
0.6531
0.6522
0.6522
0.6512
0.6534
0.6519
0.6519
0.6512
0.6497
0.6512
0.6497
0.6503
0.6506
0.6503
0.6497
0.6506
0.6512
0.6516
0.6503
0.6519
0.6509
0.6500
0.6497
0.6500
0.6509
0.6503
0.6500
0.6497
0.6497
0.6491
0.6497
0.6509
0.6494
0.6497
0.6509
0.6497
0.6500
0.6509
0.6509
0.6503
0.6512
0.6522
0.6506
0.6516
0.6522
0.6522
0.6522
0.6522
0.6522
0.6512
0.6516
0.6519
0.6516
0.6522
0.6525
0.6522
0.6522
0.6519
0.6522
0.6519
0.6525
0.6528
0.6531
0.6531
0.6528
0.6519
0.6516
0.6516
0.6522
0.6522
0.6512
0.6500
0.6503
0.6509
0.6503
0.6506
0.6506
0.6516
0.6500
0.6503
0.6497
0.6506
0.6494
0.6506
0.6512
0.6509
0.6509
0.6500
0.6500
0.6506
0.6512
0.6506
0.6506
0.6506
0.6503
0.6503
0.6500
0.6491
0.6494
0.6482
0.6488
0.6479
0.6464
0.6464
0.6467
0.6458
0.6458
0.6445
0.6464
0.6467
0.6454
0.6458
0.6458
0.6470
