0.5981
0.5972
0.5972
0.5972
0.5966
0.5975
0.5984
0.5988
0.5997
0.5978
0.6000
0.6000
0.6006
0.6000
0.5991
0.5991
0.5991
0.5994
0.5991
0.5978
0.5991
0.5984
0.6000
0.5988
0.5997
0.5981
0.5984
0.5988
0.5991
0.5991
0.6000
0.5994
0.6018
0.6018
0.6012
0.6012
0.6015
0.6015
0.6012
0.6024
0.6024
0.6021
0.6030
0.6030
0.6015
0.6024
0.6012
0.6006
0.6006
0.5994
0.6000
0.5997
0.5991
0.5988
0.5975
0.5984
0.5984
0.5975
0.5975
0.5991
0.5981
0.5988
0.5994
0.6009
0.6012
0.6000
0.6009
0.6015
0.6015
0.6018
0.6024
0.6012
0.6033
0.6024
0.6018
0.6018
0.6024
0.6018
0.6015
0.6030
0.6027
0.6009
0.6015
0.6012
0.6003
0.6012
0.6000
0.6000
0.6006
0.5988
0.5994
0.5997
0.5988
0.5988
0.5991
0.5991
0.5981
0.5991
0.5981
0.5988
0.5978
0.5988
0.5978
0.5988
0.5969
0.5975
0.5972
0.5975
0.5969
0.5984
0.5975
0.5994
0.5991
0.5991
0.5984
0.5991
0.5997
0.5988
0.6006
0.6000
0.6006
0.5991
0.6006
0.5997
0.5988
0.6000
0.5984
0.5988
0.5984
0.5981
0.5984
0.5991
0.5994
0.5972
0.5969
0.5966
0.5972
0.5972
0.5963
0.5969
0.5975
0.5978
0.5972
0.5981
0.5975
0.5975
0.5975
0.5972
0.5978
0.5984
0.5972
0.5981
0.5975
0.5988
0.5975
0.5984
0.5988
0.5984
0.5994
0.5981
0.5994
0.6003
0.6003
0.6009
0.5991
0.5994
0.5994
0.5988
0.5991
0.5991
0.5997
0.5988
0.5991
0.5997
0.5988
0.5991
0.5991
0.5997
0.5984
0.6003
0.5991
0.6003
0.6009
0.6018
0.6027
0.6033
0.6033
0.6030
0.6036
0.6018
0.6033
0.6021
0.6033
0.6033
0.6039
0.6033
0.6049
0.6052
0.6046
0.6049
0.6052
0.6049
0.6049
0.6042
0.6055
0.6055
0.6055
0.6058
0.6042
0.6046
0.6052
0.6042
0.6052
0.6046
0.6030
0.6021
0.6030
0.6027
0.6015
0.6006
0.6009
0.6006
0.5991
0.5991
0.6000
0.5997
0.5984
0.5984
0.5991
0.5981
0.6018
0.5984
0.5997
0.5975
0.5975
0.5981
0.5984
0.5991
0.5978
0.5975
0.5972
0.5972
0.5978
0.5969
0.5972
0.5978
0.5975
0.5981
0.5966
0.5963
0.5923
0.5960
0.5969
0.5969
0.5969
0.5978
0.5984
0.5975
0.5972
0.5984
0.5994
0.5991
0.6000
0.6000
0.6003
0.6018
0.6003
0.6006
0.6006
0.6006
0.6003
0.6018
0.6006
0.6009
0.5994
0.6012
0.5997
0.6000
0.6009
0.6006
0.6003
0.6006
0.6015
0.6027
0.6033
0.6024
0.6042
0.6036
0.6039
0.6049
0.6052
0.6039
0.6049
0.6046
0.6042
0.6046
0.6042
0.6036
0.6042
0.6027
0.6024
0.6033
0.6036
0.6033
0.6018
0.6030
0.6018
0.6015
0.6021
0.6012
0.6009
0.6021
0.6027
0.6009
0.6021
0.6024
0.6024
0.6009
0.6015
0.6024
0.6018
0.6012
0.6018
0.6006
0.6018
0.6018
0.6024
0.6018
0.6012
0.6015
0.6015
0.6015
0.6015
0.6039
0.6018
0.6030
0.6015
0.6015
0.6015
0.6030
0.6030
0.6027
0.6018
0.6027
0.6015
0.6024
0.6012
0.6018
0.6015
0.6003
0.6000
0.5997
0.6000
0.5997
0.5997
0.5988
0.5988
0.5997
0.5994
0.5988
0.6000
0.5997
0.6000
0.6006
0.6000
0.6006
0.6000
0.6009
0.6009
0.5997
0.6000
0.6006
0.6006
0.6000
0.5997
0.5997
0.5978
0.5978
0.5975
0.5988
0.5966
0.5960
0.5972
0.5960
0.5954
0.5969
0.5957
0.5963
0.5966
0.5960
0.5957
0.5948
0.5960
0.5951
0.5960
0.5963
0.5951
0.5954
0.5957
0.5954
0.5966
0.5954
0.5960
0.5966
0.5963
0.5966
0.5957
0.5957
0.5960
0.5963
0.5969
0.5966
0.5963
0.5954
0.5963
0.5972
0.5969
0.5960
0.5963
0.5960
0.5963
0.5972
0.5966
0.5969
0.5984
0.5975
0.5984
0.5984
0.5988
0.5981
0.5984
0.5988
0.5991
0.5981
0.5972
0.5978
0.5975
0.5975
0.5975
0.5975
0.5978
0.5960
0.5957
0.5954
0.5948
0.5963
0.5960
0.5951
0.5960
0.5966
0.5960
0.5933
0.5951
0.5960
0.5942
0.5960
0.5957
0.5951
0.5948
0.5954
0.5963
0.5963
0.5969
0.5966
0.5969
0.5978
0.5975
0.5978
0.5975
0.5978
0.6000
0.5997
0.5981
0.5981
0.5991
0.5981
0.5988
0.5984
0.5984
0.6000
0.6003
0.5994
0.6006
0.5991
0.5988
0.6006
0.6006
0.6006
0.6003
0.6000
0.6009
0.6006
0.5994
0.6006
0.6009
0.6012
0.6009
0.6012
0.6000
0.6009
0.6009
0.6024
0.6012
0.5988
0.6018
0.6015
0.6027
0.6024
0.6009
0.6015
0.6021
0.6003
0.6009
0.6003
0.6000
0.5988
0.5994
0.5984
0.5981
0.5981
0.5984
0.5981
0.5981
0.5981
0.5991
0.5975
0.5978
0.5984
0.5984
0.5984
0.5988
0.5988
0.5988
0.5988
0.5991
0.6009
0.6006
0.5997
0.5997
0.6000
0.6006
0.6012
0.6003
0.6012
0.6015
0.6015
0.6006
0.6018
0.6006
0.6006
0.6003
0.6003
0.6015
0.6012
0.6009
0.6015
0.6009
0.6006
0.6000
0.6021
0.6015
0.6015
0.6006
0.6015
0.6018
0.6015
0.6021
0.6012
0.6027
0.6030
0.6027
0.6027
0.6042
0.6042
0.6039
0.6033
0.6046
0.6036
0.6052
0.6042
0.6049
0.6046
0.6039
0.6039
0.6039
0.6046
0.6055
0.6033
0.6024
0.6030
0.6030
0.6027
0.6021
0.6018
0.6018
0.6015
0.5997
0.6003
0.6012
0.6009
0.6015
0.6015
0.6012
0.6021
0.6012
0.6015
0.6021
0.6030
0.6030
0.6039
0.6021
0.6036
0.6030
0.6027
0.6030
0.6027
0.6033
0.6030
0.6033
0.6033
0.6027
0.6030
0.6018
0.6021
0.6027
0.6036
0.6024
0.6033
0.6033
0.6027
0.6033
0.6024
0.6030
0.6030
0.6024
0.6018
0.6021
0.6024
0.6003
0.6015
0.6012
0.6015
0.6015
0.6015
0.6030
0.6024
0.6018
0.6021
0.6024
0.6024
0.6030
0.6021
0.6027
0.6012
0.6030
0.6030
0.6021
0.6030
0.6015
0.6027
0.6018
0.6018
0.6018
0.6021
0.6012
0.6012
0.6021
0.6012
0.6009
0.6012
0.6012
0.6003
0.6021
0.6006
0.6015
0.6012
0.6009
0.6024
0.6012
0.6024
0.6015
0.6009
0.6009
0.6018
0.6012
0.6000
0.6012
0.6000
0.6021
0.6012
0.6027
0.6015
0.6030
0.6027
0.6027
0.6021
0.6027
0.6027
0.6021
0.6021
0.6024
0.6021
0.6027
0.6015
0.6018
0.6006
0.6012
0.6012
0.6009
0.6006
0.6006
0.5994
0.5994
0.6009
0.6006
0.6003
0.6015
0.6018
0.6006
0.6009
0.6012
0.6021
0.6012
0.6018
0.6027
0.6021
0.6018
0.6015
0.6024
0.6024
0.6009
0.6018
0.6009
0.5997
0.6015
0.5994
0.6000
0.5988
0.5988
0.5994
0.5978
0.5988
0.5975
0.5978
0.5960
0.5963
0.5966
0.5951
0.5954
0.5954
0.5960
0.5960
0.5957
0.5951
0.5960
0.5954
0.5963
0.5960
0.5966
0.5972
0.5978
0.5978
0.5978
0.5984
0.5978
0.5988
0.5972
0.5981
0.5981
0.5984
0.5988
0.5988
0.5994
0.5981
0.5991
0.5991
0.5978
0.5984
0.5988
0.5997
0.5991
0.6000
0.5997
0.5997
0.6000
0.6012
0.6012
0.6021
0.6018
0.6015
0.6006
0.6018
0.6009
0.6009
0.6018
0.6009
0.6000
0.6012
0.6015
0.6012
0.6015
0.6015
0.6006
0.6009
0.6009
0.6015
0.6006
0.6003
0.6012
0.6012
0.5997
0.6012
0.6000
0.6000
0.6006
0.5991
0.5997
0.6000
0.5988
0.5978
0.5984
0.5984
0.5978
0.5991
0.5997
0.5984
0.5978
0.5988
0.5997
0.5991
0.5984
0.5997
0.5997
0.5988
0.5981
0.5984
0.5991
0.5981
0.5978
0.5988
0.5991
0.5988
0.5984
0.5984
0.5988
0.5981
0.5972
0.5975
0.5975
0.5975
0.5969
0.5960
0.5960
0.5963
0.5972
0.5966
0.5969
0.5963
0.5966
0.5978
0.5981
0.5978
0.5969
0.5972
0.5972
0.5963
0.5981
0.5975
0.5984
0.5981
0.5988
0.5981
0.5997
0.5997
0.6000
0.6000
0.6006
0.6015
0.6015
0.6024
0.6024
0.6012
0.6039
0.6036
0.6039
0.6033
0.6036
0.6055
0.6049
0.6036
0.6042
0.6049
0.6039
0.6036
0.6033
0.6027
0.6030
0.6027
0.6018
0.6015
0.6006
0.6009
0.6003
0.6012
0.6003
0.5994
0.5984
0.6000
0.5984
0.5981
0.5991
0.5984
0.5988
0.5991
0.5991
0.5978
0.5988
0.5981
0.5978
0.5978
0.5972
0.5978
0.5978
0.5988
0.5994
0.5981
0.5984
0.5981
0.5981
0.5988
0.5957
0.5984
0.5975
0.5975
0.5966
0.5969
0.5981
0.5975
0.5997
0.5994
0.5984
0.5988
0.6000
0.6009
0.5997
0.5988
0.5994
0.6000
0.5997
0.5988
0.6000
0.6006
0.6009
0.6000
0.6006
0.6012
0.6006
0.6003
0.6003
0.6006
0.6003
0.6003
0.6009
0.5991
0.5997
0.5984
0.5997
0.6003
0.5991
0.5991
0.5975
0.5984
0.6006
0.6000
0.5984
0.5978
0.5978
0.5991
0.5991
0.5991
0.5954
0.5975
0.5991
0.5975
0.5978
0.5997
0.5981
0.5988
0.6000
0.5988
0.5997
0.6003
0.5997
0.5994
0.6000
0.5991
0.5997
0.5991
0.6000
0.5984
0.5994
0.5984
0.5984
0.5991
0.5991
0.5981
0.5988
0.5975
0.5972
0.5978
0.5969
0.5966
0.5978
0.5975
0.5975
0.5981
0.5984
0.5975
0.5981
0.5984
0.5981
0.5981
0.5988
0.5994
0.5994
0.5997
0.6006
0.5997
0.6006
0.6015
0.6009
0.6021
0.6033
0.6030
0.6046
0.6039
0.6046
0.6058
0.6052
0.6055
0.6055
0.6061
0.6076
0.6064
0.6073
0.6064
0.6064
0.6073
0.6061
0.6064
0.6064
0.6055
0.6070
0.6046
0.6055
0.6046
0.6058
0.6058
0.6046
0.6046
0.6052
0.6049
0.6049
0.6039
0.6049
0.6052
0.6039
0.6055
0.6042
0.6030
0.6027
0.6042
0.6039
0.6024
0.6018
0.6018
0.6009
0.6006
0.6009
0.6006
0.6006
0.6006
0.6012
0.6006
0.6006
0.6024
0.6021
0.6018
0.6024
0.6027
0.6024
0.6033
0.6049
0.6036
0.6049
0.6049
0.6052
0.6046
0.6049
0.6049
0.6055
0.6042
0.6042
0.6039
0.6049
0.6046
0.6033
0.6036
0.6052
0.6046
0.6042
0.6049
0.6042
0.6046
0.6052
0.6049
0.6046
0.6049
0.6042
0.6049
0.6042
0.6039
0.6030
0.6036
0.6049
0.6039
0.6046
0.6046
0.6046
0.6055
0.6049
0.6049
0.6049
0.6046
0.6036
0.6036
0.6033
0.6033
0.6018
0.6021
0.6015
0.6021
0.6021
0.6018
0.6030
0.6030
0.6027
0.6042
0.6042
0.6039
0.6039
0.6049
0.6046
0.6046
0.6039
0.6030
0.6036
0.6039
0.6021
0.6030
0.6033
0.6030
0.6018
0.6033
0.6018
0.6033
0.6036
0.6030
0.6027
0.6024
0.6027
0.6039
0.6039
0.6033
0.6052
0.6052
0.6061
0.6073
0.6073
0.6073
0.6085
0.6082
0.6091
0.6088
0.6085
0.6064
0.6073
0.6067
0.6067
0.6070
0.6061
0.6061
0.6003
0.6052
0.6046
0.6030
0.6033
0.6033
0.6024
0.6021
0.6027
0.6033
0.6018
0.6015
0.6030
0.6018
0.6021
0.6033
0.6027
0.6015
0.6033
0.6024
0.6033
0.6039
0.6046
0.6030
0.6012
0.6042
0.6039
0.6042
0.6036
0.6055
0.6039
0.6036
0.6046
0.6042
0.6039
0.6039
0.6033
0.6042
0.6033
0.6027
0.6042
0.6024
0.6012
0.6042
0.6027
0.6015
0.6015
0.6009
0.6006
0.6018
0.6006
0.6012
0.5997
0.6000
0.5981
0.5991
0.5984
0.5972
0.5978
0.5966
0.5966
0.5978
0.5972
0.5963
0.5957
0.5972
0.5951
0.5954
0.5960
0.5939
0.5960
0.5966
0.5972
0.5957
0.5966
0.5981
0.5972
0.5978
0.5981
0.5997
0.5994
0.5997
0.6009
0.6006
0.6015
0.5954
0.6027
0.6033
0.6030
0.6042
0.6052
0.6061
0.6052
0.6055
0.6073
0.6061
0.6070
0.6070
0.6049
0.6061
0.6052
0.6055
0.6058
0.6049
0.6058
0.6042
0.6033
0.6042
0.6030
0.6042
0.6036
0.6024
0.6033
0.6030
0.6024
0.6039
0.6024
0.6021
0.6021
0.6021
0.6024
0.6012
0.6015
0.6018
0.6021
0.6018
0.6012
0.6030
0.6018
0.6024
0.6030
0.6024
0.6015
0.6024
0.6024
0.6012
0.6024
0.6027
0.6012
0.6018
0.6027
0.6027
0.6015
0.6012
0.6024
0.6006
0.6003
0.6012
0.5997
0.6000
0.6000
0.5988
0.6003
0.5978
0.5991
0.5981
0.5984
0.5969
0.5978
0.5981
0.5978
0.5978
0.5972
0.5963
0.5978
0.5969
0.5972
0.5975
0.5978
0.5972
0.5966
0.5969
0.5957
0.5966
0.5960
0.5963
0.5945
0.5939
0.5957
0.5954
0.5948
0.5942
0.5939
0.5948
0.5945
0.5936
0.5936
0.5930
0.5948
0.5945
0.5948
0.5942
0.5942
0.5939
0.5930
0.5936
0.5948
0.5957
0.5948
0.5966
0.5975
0.5966
0.5978
0.5991
0.5984
0.5984
0.5997
0.5994
0.5991
0.5994
0.5994
0.6006
0.6006
0.6000
0.6009
0.5981
0.5991
0.5991
0.5991
0.6006
0.6000
0.5984
0.5997
0.6003
0.6003
0.5994
0.6003
0.5991
0.5988
0.5994
0.5991
0.5991
0.5994
0.5988
0.5991
0.5997
0.5991
0.5981
0.5981
0.5978
0.5975
0.5966
0.5966
0.5966
0.5969
0.5957
0.5963
0.5945
0.5951
0.5957
0.5948
0.5936
0.5942
0.5923
0.5923
0.5933
0.5920
0.5930
0.5923
0.5927
0.5923
0.5923
0.5920
0.5930
0.5936
0.5917
0.5917
0.5933
0.5920
0.5936
0.5927
0.5939
0.5936
0.5948
0.5951
0.5939
0.5939
0.5951
0.5954
0.5951
0.5960
0.5963
0.5954
0.5969
0.5966
0.5957
0.5963
0.5966
0.5957
0.5951
0.5960
0.5948
0.5960
0.5954
0.5945
0.5954
0.5957
0.5945
0.5948
0.5945
0.5963
0.5966
0.5960
0.5963
0.5954
0.5957
0.5954
0.5966
0.5957
0.5963
