0.3470
0.3482
0.3476
0.3479
0.3488
0.3488
0.3473
0.3491
0.3488
0.3470
0.3476
0.3479
0.3479
0.3476
0.3476
0.3476
0.3482
0.3473
0.3482
0.3476
0.3488
0.3476
0.3479
0.3488
0.3476
0.3485
0.3482
0.3476
0.3482
0.3470
0.3473
0.3476
0.3473
0.3476
0.3476
0.3476
0.3476
0.3485
0.3488
0.3473
0.3476
0.3491
0.3479
0.3470
0.3482
0.3482
0.3473
0.3488
0.3473
0.3482
0.3482
0.3476
0.3473
0.3476
0.3476
0.3482
0.3467
0.3470
0.3470
0.3479
0.3476
0.3467
0.3470
0.3470
0.3473
0.3467
0.3467
0.3473
0.3476
0.3464
0.3473
0.3479
0.3479
0.3476
0.3479
0.3473
0.3473
0.3482
0.3485
0.3479
0.3473
0.3476
0.3485
0.3482
0.3470
0.3473
0.3467
0.3467
0.3473
0.3473
0.3473
0.3482
0.3482
0.3476
0.3467
0.3479
0.3473
0.3479
0.3473
0.3467
0.3470
0.3482
0.3482
0.3479
0.3476
0.3479
0.3506
0.3476
0.3488
0.3485
0.3491
0.3488
0.3479
0.3479
0.3485
0.3485
0.3494
0.3488
0.3485
0.3494
0.3491
0.3491
0.3497
0.3497
0.3500
0.3485
0.3488
0.3510
0.3500
0.3500
0.3497
0.3500
0.3488
0.3485
0.3494
0.3497
0.3482
0.3494
0.3482
0.3479
0.3491
0.3482
0.3500
0.3494
0.3494
0.3494
0.3485
0.3488
0.3494
0.3485
0.3497
0.3494
0.3494
0.3485
0.3488
0.3497
0.3494
0.3506
0.3494
0.3500
0.3494
0.3494
0.3494
0.3491
0.3485
0.3479
0.3479
0.3491
0.3482
0.3488
0.3482
0.3473
0.3482
0.3476
0.3482
0.3491
0.3494
0.3476
0.3497
0.3485
0.3476
0.3479
0.3479
0.3482
0.3476
0.3485
0.3476
0.3482
0.3485
0.3473
0.3476
0.3476
0.3479
0.3473
0.3476
0.3476
0.3473
0.3470
0.3476
0.3479
0.3470
0.3473
0.3476
0.3503
0.3479
0.3488
0.3479
0.3485
0.3491
0.3479
0.3491
0.3488
0.3479
0.3476
0.3485
0.3491
0.3485
0.3476
0.3491
0.3491
0.3479
0.3488
0.3473
0.3470
0.3482
0.3476
0.3482
0.3470
0.3470
0.3464
0.3479
0.3479
0.3482
0.3461
0.3467
0.3482
0.3482
0.3470
0.3479
0.3470
0.3488
0.3476
0.3485
0.3491
0.3476
0.3500
0.3497
0.3488
0.3488
0.3491
0.3497
0.3491
0.3485
0.3482
0.3497
0.3488
0.3485
0.3482
0.3482
0.3488
0.3494
0.3479
0.3491
0.3482
0.3476
0.3479
0.3467
0.3482
0.3467
0.3473
0.3488
0.3467
0.3485
0.3467
0.3473
0.3479
0.3473
0.3473
0.3479
0.3467
0.3467
0.3476
0.3464
0.3473
0.3464
0.3467
0.3476
0.3473
0.3467
0.3476
0.3473
0.3476
0.3467
0.3485
0.3476
0.3479
0.3485
0.3488
0.3482
0.3491
0.3491
0.3494
0.3497
0.3497
0.3497
0.3503
0.3497
0.3497
0.3497
0.3503
0.3519
0.3519
0.3525
0.3510
0.3516
0.3528
0.3522
0.3522
0.3522
0.3519
0.3522
0.3522
0.3528
0.3522
0.3528
0.3528
0.3522
0.3528
0.3522
0.3525
0.3522
0.3531
0.3519
0.3528
0.3534
0.3519
0.3519
0.3513
0.3510
0.3510
0.3522
0.3510
0.3506
0.3497
0.3506
0.3500
0.3503
0.3506
0.3494
0.3513
0.3510
0.3503
0.3494
0.3485
0.3494
0.3506
0.3491
0.3506
0.3500
0.3500
0.3503
0.3488
0.3497
0.3494
0.3488
0.3491
0.3488
0.3482
0.3470
0.3479
0.3479
0.3476
0.3476
0.3479
0.3476
0.3476
0.3479
0.3485
0.3488
0.3476
0.3488
0.3476
0.3482
0.3479
0.3497
0.3497
0.3494
0.3497
0.3488
0.3503
0.3494
0.3500
0.3500
0.3503
0.3494
0.3488
0.3500
0.3491
0.3488
0.3485
0.3491
0.3485
0.3485
0.3488
0.3488
0.3497
0.3497
0.3482
0.3482
0.3494
0.3485
0.3485
0.3500
0.3485
0.3488
0.3503
0.3491
0.3494
0.3500
0.3491
0.3488
0.3500
0.3503
0.3488
0.3503
0.3488
0.3500
0.3497
0.3494
0.3494
0.3500
0.3497
0.3494
0.3485
0.3488
0.3494
0.3500
0.3488
0.3485
0.3500
0.3497
0.3488
0.3494
0.3494
0.3488
0.3494
0.3491
0.3497
0.3488
0.3479
0.3479
0.3482
0.3485
0.3485
0.3476
0.3491
0.3479
0.3494
0.3473
0.3473
0.3488
0.3473
0.3476
0.3473
0.3482
0.3485
0.3476
0.3479
0.3473
0.3473
0.3488
0.3476
0.3482
0.3476
0.3479
0.3470
0.3488
0.3485
0.3470
0.3485
0.3488
0.3482
0.3479
0.3482
0.3485
0.3479
0.3476
0.3479
0.3473
0.3488
0.3476
0.3485
0.3485
0.3479
0.3485
0.3479
0.3470
0.3479
0.3476
0.3473
0.3476
0.3476
0.3485
0.3479
0.3482
0.3485
0.3482
0.3479
0.3485
0.3476
0.3473
0.3485
0.3482
0.3473
0.3479
0.3470
0.3470
0.3482
0.3479
0.3473
0.3473
0.3467
0.3464
0.3470
0.3476
0.3458
0.3464
0.3467
0.3458
0.3470
0.3458
0.3458
0.3470
0.3461
0.3470
0.3458
0.3464
0.3479
0.3461
0.3467
0.3470
0.3467
0.3464
0.3461
0.3461
0.3467
0.3473
0.3461
0.3458
0.3473
0.3473
0.3461
0.3464
0.3470
0.3470
0.3461
0.3464
0.3470
0.3461
0.3479
0.3464
0.3476
0.3464
0.3461
0.3479
0.3467
0.3479
0.3479
0.3476
0.3479
0.3470
0.3479
0.3467
0.3467
0.3461
0.3470
0.3476
0.3476
0.3458
0.3464
0.3464
0.3464
0.3467
0.3458
0.3452
0.3455
0.3452
0.3461
0.3452
0.3452
0.3448
0.3452
0.3458
0.3461
0.3467
0.3467
0.3470
0.3470
0.3461
0.3458
0.3464
0.3479
0.3467
0.3476
0.3479
0.3470
0.3464
0.3467
0.3473
0.3476
0.3467
0.3470
0.3479
0.3470
0.3479
0.3467
0.3473
0.3476
0.3473
0.3476
0.3473
0.3473
0.3476
0.3467
0.3470
0.3470
0.3467
0.3479
0.3467
0.3488
0.3476
0.3482
0.3464
0.3473
0.3467
0.3467
0.3467
0.3464
0.3452
0.3467
0.3464
0.3458
0.3467
0.3467
0.3461
0.3467
0.3464
0.3461
0.3461
0.3467
0.3452
0.3455
0.3467
0.3467
0.3467
0.3455
0.3458
0.3458
0.3452
0.3452
0.3452
0.3455
0.3458
0.3455
0.3458
0.3461
0.3458
0.3448
0.3455
0.3452
0.3464
0.3448
0.3461
0.3461
0.3464
0.3461
0.3464
0.3455
0.3467
0.3464
0.3452
0.3461
0.3455
0.3464
0.3467
0.3467
0.3467
0.3470
0.3464
0.3467
0.3467
0.3464
0.3461
0.3467
0.3458
0.3458
0.3455
0.3473
0.3473
0.3430
0.3473
0.3470
0.3473
0.3473
0.3464
0.3470
0.3464
0.3473
0.3470
0.3470
0.3473
0.3485
0.3485
0.3473
0.3482
0.3473
0.3482
0.3476
0.3467
0.3467
0.3467
0.3470
0.3476
0.3467
0.3464
0.3464
0.3461
0.3470
0.3467
0.3467
0.3470
0.3467
0.3461
0.3464
0.3470
0.3458
0.3455
0.3464
0.3455
0.3458
0.3448
0.3467
0.3461
0.3452
0.3458
0.3464
0.3455
0.3448
0.3455
0.3461
0.3461
0.3445
0.3455
0.3458
0.3461
0.3455
0.3458
0.3448
0.3458
0.3461
0.3461
0.3455
0.3448
0.3458
0.3467
0.3461
0.3455
0.3461
0.3464
0.3452
0.3455
0.3445
0.3458
0.3455
0.3448
0.3448
0.3442
0.3452
0.3442
0.3455
0.3442
0.3455
0.3455
0.3455
0.3455
0.3461
0.3448
0.3461
0.3470
0.3473
0.3473
0.3473
0.3473
0.3494
0.3479
0.3485
0.3488
0.3491
0.3470
0.3488
0.3482
0.3464
0.3491
0.3464
0.3473
0.3467
0.3473
0.3467
0.3467
0.3476
0.3458
0.3467
0.3461
0.3464
0.3458
0.3458
0.3458
0.3464
0.3455
0.3461
0.3448
0.3461
0.3448
0.3452
0.3461
0.3452
0.3458
0.3452
0.3455
0.3458
0.3461
0.3458
0.3448
0.3458
0.3467
0.3464
0.3458
0.3458
0.3473
0.3458
0.3470
0.3455
0.3470
0.3461
0.3470
0.3461
0.3470
0.3464
0.3461
0.3470
0.3455
0.3461
0.3473
0.3461
0.3467
0.3464
0.3467
0.3458
0.3464
0.3452
0.3452
0.3455
0.3470
0.3458
0.3461
0.3467
0.3458
0.3470
0.3470
0.3476
0.3467
0.3467
0.3467
0.3476
0.3467
0.3467
0.3467
0.3467
0.3467
0.3464
0.3464
0.3464
0.3467
0.3476
0.3470
0.3467
0.3461
0.3473
0.3473
0.3464
0.3464
0.3473
0.3470
0.3476
0.3458
0.3473
0.3467
0.3430
0.3455
0.3458
0.3455
0.3455
0.3464
0.3467
0.3455
0.3445
0.3452
0.3458
0.3445
0.3448
0.3458
0.3464
0.3455
0.3452
0.3455
0.3467
0.3464
0.3458
0.3473
0.3473
0.3473
0.3467
0.3467
0.3476
0.3461
0.3467
0.3479
0.3470
0.3467
0.3476
0.3461
0.3476
0.3467
0.3461
0.3476
0.3461
0.3461
0.3458
0.3461
0.3461
0.3461
0.3476
0.3458
0.3464
0.3467
0.3458
0.3467
0.3467
0.3452
0.3467
0.3464
0.3455
0.3452
0.3458
0.3458
0.3461
0.3445
0.3445
0.3439
0.3445
0.3452
0.3442
0.3458
0.3439
0.3439
0.3448
0.3445
0.3442
0.3445
0.3452
0.3461
0.3452
0.3452
0.3461
0.3452
0.3448
0.3455
0.3467
0.3455
0.3461
0.3467
0.3458
0.3473
0.3464
0.3458
0.3455
0.3464
0.3464
0.3452
0.3464
0.3461
0.3455
0.3455
0.3461
0.3448
0.3445
0.3455
0.3467
0.3455
0.3464
0.3448
0.3448
0.3452
0.3452
0.3464
0.3455
0.3467
0.3461
0.3467
0.3464
0.3470
0.3473
0.3467
0.3479
0.3461
0.3461
0.3470
0.3461
0.3467
0.3467
0.3458
0.3458
0.3461
0.3467
0.3464
0.3464
0.3467
0.3455
0.3455
0.3458
0.3467
0.3467
0.3467
0.3470
0.3476
0.3464
0.3476
0.3473
0.3476
0.3482
0.3473
0.3476
0.3467
0.3467
0.3476
0.3467
0.3467
0.3464
0.3476
0.3467
0.3461
0.3461
0.3464
0.3467
0.3467
0.3461
0.3470
0.3464
0.3470
0.3461
0.3461
0.3470
0.3473
0.3464
0.3467
0.3458
0.3455
0.3479
0.3461
0.3461
0.3464
0.3458
0.3461
0.3467
0.3464
0.3458
0.3458
0.3467
0.3467
0.3461
0.3461
0.3452
0.3467
0.3461
0.3458
0.3461
0.3464
0.3461
0.3458
0.3461
0.3467
0.3458
0.3461
0.3455
0.3458
0.3458
0.3467
0.3452
0.3452
0.3452
0.3445
0.3458
0.3458
0.3455
0.3464
0.3452
0.3452
0.3467
0.3455
0.3461
0.3458
0.3458
0.3455
0.3455
0.3461
0.3458
0.3458
0.3448
0.3464
0.3458
0.3452
0.3458
0.3452
0.3448
0.3445
0.3458
0.3458
0.3448
0.3458
0.3461
0.3452
0.3464
0.3458
0.3458
0.3473
0.3467
0.3461
0.3476
0.3470
0.3476
0.3476
0.3488
0.3482
0.3476
0.3491
0.3479
0.3491
0.3491
0.3494
0.3485
0.3482
0.3473
0.3479
0.3482
0.3485
0.3470
0.3473
0.3482
0.3491
0.3488
0.3485
0.3497
0.3491
0.3494
0.3491
0.3485
0.3494
0.3491
0.3488
0.3494
0.3494
0.3500
0.3488
0.3482
0.3494
0.3476
0.3482
0.3479
0.3485
0.3485
0.3476
0.3482
0.3473
0.3479
0.3470
0.3461
0.3476
0.3470
0.3467
0.3476
0.3461
0.3458
0.3470
0.3461
0.3473
0.3473
0.3461
0.3464
0.3470
0.3461
0.3458
0.3467
0.3470
0.3467
0.3461
0.3467
0.3464
0.3467
0.3467
0.3461
0.3470
0.3470
0.3467
0.3458
0.3467
0.3458
0.3470
0.3458
0.3470
0.3452
0.3464
0.3464
0.3455
0.3470
0.3455
0.3461
0.3464
0.3448
0.3464
0.3461
0.3452
0.3458
0.3461
0.3455
0.3458
0.3455
0.3448
0.3467
0.3455
0.3461
0.3461
0.3464
0.3461
0.3464
0.3464
0.3467
0.3464
0.3473
0.3461
0.3458
0.3458
0.3464
0.3461
0.3470
0.3464
0.3464
0.3473
0.3470
0.3464
0.3470
0.3470
0.3467
0.3476
0.3461
0.3473
0.3455
0.3464
0.3458
0.3458
0.3458
0.3461
0.3464
0.3464
0.3464
0.3461
0.3461
0.3464
0.3455
0.3461
0.3473
0.3470
0.3473
0.3473
0.3476
0.3467
0.3479
0.3485
0.3476
0.3491
0.3488
0.3479
0.3479
0.3479
0.3476
0.3485
0.3482
0.3476
0.3470
0.3476
0.3467
0.3467
0.3461
0.3470
0.3467
0.3464
0.3473
0.3467
0.3461
0.3467
0.3476
0.3455
0.3473
0.3470
0.3461
0.3476
0.3467
0.3479
0.3479
0.3479
0.3482
0.3476
0.3476
0.3476
0.3479
0.3464
0.3482
0.3485
0.3476
0.3476
0.3485
0.3470
0.3470
0.3473
0.3476
0.3476
0.3470
0.3482
0.3476
0.3479
0.3470
0.3482
0.3488
0.3482
0.3479
0.3482
0.3482
0.3473
0.3482
0.3485
0.3476
0.3470
0.3470
0.3473
0.3467
0.3482
0.3476
0.3479
0.3476
0.3470
0.3464
0.3476
0.3470
0.3473
0.3470
0.3473
0.3476
0.3467
0.3467
0.3476
0.3470
0.3467
0.3479
0.3467
0.3467
0.3470
0.3458
0.3476
0.3461
0.3461
0.3455
0.3458
0.3470
0.3470
0.3470
0.3467
0.3476
0.3470
0.3473
0.3464
0.3482
0.3479
0.3488
0.3473
0.3485
0.3482
0.3473
0.3482
0.3485
0.3476
0.3494
0.3479
0.3497
0.3488
0.3482
0.3488
0.3491
0.3491
0.3497
0.3476
0.3488
0.3488
0.3488
0.3500
0.3491
0.3485
0.3485
0.3497
0.3482
0.3497
0.3500
0.3488
0.3494
0.3494
0.3488
0.3494
0.3506
0.3500
0.3491
0.3491
0.3506
0.3510
0.3510
0.3506
0.3510
0.3513
0.3503
0.3513
0.3506
0.3500
0.3503
0.3503
0.3500
0.3500
0.3513
0.3516
0.3503
0.3516
0.3494
0.3497
0.3500
0.3510
0.3516
0.3506
0.3506
0.3513
0.3500
0.3513
0.3506
0.3510
0.3503
0.3494
0.3506
0.3491
0.3500
0.3488
0.3491
0.3497
0.3491
0.3491
0.3497
0.3491
0.3485
0.3503
0.3488
0.3494
0.3497
0.3497
0.3494
0.3497
0.3500
0.3497
0.3503
0.3497
0.3500
0.3503
0.3500
0.3497
0.3506
0.3491
0.3497
0.3506
0.3488
0.3488
0.3494
0.3497
0.3482
0.3488
0.3485
0.3494
0.3497
0.3482
0.3503
