0.3058
0.3067
0.3064
0.3076
0.3061
0.3064
0.3076
0.3079
0.3064
0.3076
0.3076
0.3076
0.3076
0.3079
0.3079
0.3067
0.3073
0.3070
0.3055
0.3076
0.3070
0.3067
0.3076
0.3067
0.3058
0.3055
0.3061
0.3061
0.3070
0.3061
0.3073
0.3061
0.3076
0.3070
0.3073
0.3076
0.3076
0.3082
0.3082
0.3082
0.3073
0.3067
0.3076
0.3070
0.3076
0.3076
0.3085
0.3079
0.3082
0.3082
0.3073
0.3088
0.3079
0.3079
0.3082
0.3076
0.3070
0.3085
0.3082
0.3082
0.3073
0.3076
0.3067
0.3061
0.3076
0.3070
0.3070
0.3070
0.3076
0.3073
0.3076
0.3067
0.3073
0.3079
0.3079
0.3082
0.3079
0.3082
0.3079
0.3076
0.3076
0.3076
0.3085
0.3079
0.3088
0.3082
0.3079
0.3088
0.3088
0.3085
0.3082
0.3076
0.3082
0.3070
0.3091
0.3076
0.3085
0.3076
0.3076
0.3070
0.3076
0.3076
0.3082
0.3082
0.3076
0.3076
0.3079
0.3085
0.3070
0.3079
0.3079
0.3070
0.3076
0.3079
0.3070
0.3088
0.3088
0.3076
0.3076
0.3076
0.3085
0.3076
0.3082
0.3073
0.3085
0.3076
0.3085
0.3079
0.3079
0.3076
0.3073
0.3079
0.3073
0.3082
0.3088
0.3067
0.3085
0.3070
0.3073
0.3070
0.3085
0.3082
0.3082
0.3036
0.3079
0.3067
0.3073
0.3079
0.3079
0.3079
0.3076
0.3091
0.3098
0.3082
0.3088
0.3094
0.3088
0.3082
0.3082
0.3098
0.3070
0.3088
0.3079
0.3088
0.3079
0.3070
0.3082
0.3082
0.3079
0.3079
0.3073
0.3082
0.3067
0.3076
0.3073
0.3061
0.3021
0.3076
0.3061
0.3079
0.3067
0.3079
0.3073
0.3073
0.3076
0.3058
0.3067
0.3070
0.3070
0.3070
0.3067
0.3058
0.3064
0.3070
0.3076
0.3070
0.3073
0.3070
0.3064
0.3055
0.3058
0.3058
0.3064
0.3067
0.3070
0.3061
0.3064
0.3085
0.3067
0.3076
0.3082
0.3079
0.3082
0.3085
0.3082
0.3082
0.3082
0.3085
0.3098
0.3076
0.3076
0.3082
0.3079
0.3088
0.3082
0.3073
0.3085
0.3098
0.3094
0.3085
0.3101
0.3094
0.3101
0.3098
0.3101
0.3094
0.3091
0.3101
0.3110
0.3104
0.3098
0.3104
0.3101
0.3104
0.3107
0.3094
0.3088
0.3094
0.3104
0.3098
0.3101
0.3104
0.3104
0.3098
0.3104
0.3098
0.3107
0.3104
0.3094
0.3104
0.3110
0.3107
0.3110
0.3101
0.3104
0.3101
0.3098
0.3104
0.3101
0.3107
0.3094
0.3101
0.3104
0.3101
0.3116
0.3104
0.3113
0.3125
0.3110
0.3125
0.3113
0.3119
0.3125
0.3122
0.3128
0.3128
0.3131
0.3134
0.3128
0.3134
0.3119
0.3128
0.3131
0.3125
0.3140
0.3140
0.3125
0.3125
0.3125
0.3128
0.3128
0.3140
0.3140
0.3162
0.3140
0.3125
0.3134
0.3146
0.3140
0.3131
0.3137
0.3137
0.3137
0.3137
0.3134
0.3140
0.3137
0.3143
0.3134
0.3128
0.3128
0.3134
0.3128
0.3122
0.3125
0.3128
0.3119
0.3131
0.3110
0.3125
0.3116
0.3128
0.3128
0.3119
0.3125
0.3122
0.3122
0.3122
0.3116
0.3110
0.3113
0.3119
0.3107
0.3101
0.3104
0.3101
0.3101
0.3094
0.3088
0.3104
0.3091
0.3085
0.3101
0.3104
0.3088
0.3094
0.3098
0.3091
0.3082
0.3085
0.3079
0.3079
0.3088
0.3079
0.3079
0.3088
0.3085
0.3076
0.3076
0.3076
0.3082
0.3076
0.3082
0.3076
0.3076
0.3079
0.3079
0.3076
0.3067
0.3082
0.3076
0.3079
0.3073
0.3079
0.3079
0.3076
0.3088
0.3082
0.3082
0.3085
0.3085
0.3088
0.3104
0.3085
0.3094
0.3079
0.3079
0.3091
0.3088
0.3079
0.3085
0.3091
0.3076
0.3079
0.3082
0.3067
0.3079
0.3085
0.3085
0.3085
0.3073
0.3076
0.3079
0.3079
0.3091
0.3091
0.3079
0.3098
0.3091
0.3082
0.3088
0.3079
0.3094
0.3079
0.3085
0.3085
0.3079
0.3091
0.3085
0.3079
0.3070
0.3076
0.3076
0.3082
0.3088
0.3088
0.3082
0.3088
0.3076
0.3073
0.3079
0.3079
0.3070
0.3085
0.3076
0.3079
0.3079
0.3088
0.3085
0.3085
0.3085
0.3079
0.3085
0.3079
0.3076
0.3073
0.3073
0.3079
0.3082
0.3076
0.3070
0.3079
0.3079
0.3070
0.3079
0.3070
0.3082
0.3070
0.3076
0.3076
0.3082
0.3082
0.3079
0.3088
0.3088
0.3079
0.3079
0.3079
0.3085
0.3088
0.3082
0.3088
0.3082
0.3098
0.3088
0.3088
0.3094
0.3082
0.3085
0.3088
0.3085
0.3079
0.3085
0.3091
0.3085
0.3085
0.3098
0.3098
0.3091
0.3098
0.3094
0.3091
0.3104
0.3101
0.3094
0.3088
0.3085
0.3088
0.3098
0.3088
0.3088
0.3098
0.3085
0.3082
0.3101
0.3082
0.3085
0.3091
0.3085
0.3082
0.3094
0.3085
0.3085
0.3085
0.3094
0.3079
0.3082
0.3079
0.3079
0.3082
0.3073
0.3073
0.3091
0.3091
0.3085
0.3079
0.3082
0.3098
0.3091
0.3082
0.3101
0.3088
0.3101
0.3088
0.3098
0.3098
0.3098
0.3091
0.3085
0.3091
0.3094
0.3085
0.3088
0.3091
0.3088
0.3085
0.3085
0.3079
0.3073
0.3088
0.3076
0.3067
0.3067
0.3067
0.3076
0.3073
0.3079
0.3070
0.3067
0.3082
0.3073
0.3082
0.3076
0.3073
0.3070
0.3070
0.3070
0.3076
0.3073
0.3079
0.3076
0.3088
0.3079
0.3076
0.3070
0.3079
0.3085
0.3082
0.3085
0.3076
0.3073
0.3076
0.3043
0.3091
0.3085
0.3091
0.3085
0.3091
0.3094
0.3091
0.3101
0.3088
0.3082
0.3091
0.3122
0.3085
0.3098
0.3091
0.3088
0.3098
0.3094
0.3082
0.3094
0.3085
0.3085
0.3094
0.3088
0.3107
0.3091
0.3107
0.3079
0.3085
0.3082
0.3094
0.3085
0.3076
0.3082
0.3094
0.3088
0.3076
0.3085
0.3024
0.3070
0.3076
0.3079
0.3076
0.3073
0.3067
0.3061
0.3076
0.3076
0.3076
0.3076
0.3064
0.3067
0.3079
0.3064
0.3058
0.3076
0.3082
0.3061
0.3070
0.3070
0.3073
0.3076
0.3070
0.3079
0.3079
0.3067
0.3073
0.3079
0.3088
0.3085
0.3088
0.3079
0.3073
0.3088
0.3079
0.3082
0.3085
0.3085
0.3088
0.3082
0.3082
0.3076
0.3070
0.3079
0.3067
0.3076
0.3061
0.3076
0.3073
0.3073
0.3076
0.3079
0.3079
0.3073
0.3076
0.3073
0.3076
0.3076
0.3073
0.3070
0.3082
0.3082
0.3073
0.3091
0.3091
0.3091
0.3085
0.3094
0.3098
0.3085
0.3088
0.3098
0.3091
0.3085
0.3091
0.3091
0.3091
0.3082
0.3073
0.3088
0.3067
0.3085
0.3079
0.3067
0.3067
0.3076
0.3067
0.3070
0.3076
0.3073
0.3067
0.3067
0.3070
0.3079
0.3061
0.3064
0.3076
0.3070
0.3076
0.3067
0.3061
0.3067
0.3079
0.3070
0.3067
0.3067
0.3076
0.3076
0.3067
0.3076
0.3064
0.3079
0.3076
0.3076
0.3073
0.3079
0.3076
0.3076
0.3070
0.3067
0.3061
0.3061
0.3058
0.3070
0.3058
0.3055
0.3055
0.3064
0.3070
0.3067
0.3067
0.3061
0.3061
0.3064
0.3070
0.3061
0.3073
0.3067
0.3070
0.3082
0.3079
0.3088
0.3079
0.3079
0.3085
0.3091
0.3085
0.3085
0.3088
0.3085
0.3104
0.3101
0.3094
0.3094
0.3098
0.3088
0.3085
0.3088
0.3085
0.3085
0.3094
0.3079
0.3098
0.3082
0.3091
0.3082
0.3088
0.3079
0.3076
0.3085
0.3094
0.3079
0.3076
0.3082
0.3076
0.3076
0.3073
0.3073
0.3079
0.3070
0.3067
0.3067
0.3070
0.3073
0.3073
0.3079
0.3098
0.3088
0.3085
0.3091
0.3085
0.3094
0.3091
0.3101
0.3101
0.3098
0.3104
0.3110
0.3104
0.3104
0.3104
0.3098
0.3094
0.3104
0.3104
0.3094
0.3104
0.3101
0.3104
0.3101
0.3094
0.3098
0.3098
0.3091
0.3098
0.3082
0.3088
0.3085
0.3082
0.3091
0.3082
0.3085
0.3104
0.3085
0.3079
0.3094
0.3085
0.3018
0.3085
0.3094
0.3088
0.3085
0.3091
0.3079
0.3076
0.3079
0.3088
0.3082
0.3079
0.3076
0.3079
0.3085
0.3067
0.3082
0.3070
0.3079
0.3076
0.3079
0.3085
0.3073
0.3070
0.3073
0.3076
0.3091
0.3076
0.3091
0.3079
0.3085
0.3085
0.3079
0.3091
0.3091
0.3088
0.3085
0.3076
0.3076
0.3088
0.3088
0.3073
0.3076
0.3076
0.3076
0.3070
0.3079
0.3070
0.3076
0.3085
0.3079
0.3088
0.3079
0.3085
0.3094
0.3082
0.3082
0.3085
0.3079
0.3094
0.3082
0.3088
0.3088
0.3091
0.3073
0.3079
0.3088
0.3076
0.3085
0.3070
0.3082
0.3079
0.3076
0.3085
0.3076
0.3064
0.3073
0.3070
0.3070
0.3076
0.3067
0.3079
0.3064
0.3067
0.3070
0.3070
0.3070
0.3076
0.3076
0.3073
0.3076
0.3076
0.3076
0.3073
0.3067
0.3067
0.3067
0.3082
0.3070
0.3076
0.3076
0.3061
0.3076
0.3070
0.3064
0.3067
0.3070
0.3076
0.3067
0.3061
0.3070
0.3061
0.3058
0.3058
0.3064
0.3061
0.3070
0.3061
0.3070
0.3061
0.3061
0.3070
0.3064
0.3073
0.3064
0.3073
0.3061
0.3067
0.3067
0.3076
0.3070
0.3067
0.3076
0.3085
0.3082
0.3082
0.3082
0.3073
0.3076
0.3088
0.3076
0.3076
0.3076
0.3076
0.3079
0.3079
0.3082
0.3082
0.3082
0.3076
0.3076
0.3082
0.3067
0.3076
0.3085
0.3079
0.3079
0.3079
0.3067
0.3073
0.3085
0.3076
0.3079
0.3076
0.3082
0.3067
0.3085
0.3079
0.3079
0.3076
0.3076
0.3085
0.3076
0.3082
0.3091
0.3079
0.3076
0.3073
0.3079
0.3088
0.3085
0.3079
0.3079
0.3070
0.3070
0.3073
0.3076
0.3061
0.3070
0.3076
0.3076
0.3061
0.3067
0.3076
0.3070
0.3061
0.3076
0.3070
0.3076
0.3076
0.3073
0.3067
0.3076
0.3070
0.3076
0.3073
0.3079
0.3073
0.3067
0.3073
0.3061
0.3067
0.3067
0.3073
0.3082
0.3073
0.3085
0.3079
0.3094
0.3082
0.3082
0.3082
0.3085
0.3085
0.3101
0.3085
0.3088
0.3088
0.3094
0.3098
0.3079
0.3082
0.3091
0.3079
0.3094
0.3088
0.3085
0.3082
0.3079
0.3076
0.3064
0.3079
0.3070
0.3061
0.3070
0.3073
0.3070
0.3052
0.3067
0.3076
0.3061
0.3064
0.3055
0.3061
0.3058
0.3076
0.3064
0.3067
0.3064
0.3061
0.3070
0.3076
0.3064
0.3070
0.3070
0.3061
0.3064
0.3076
0.3070
0.3079
0.3073
0.3079
0.3070
0.3076
0.3082
0.3070
0.3076
0.3070
0.3076
0.3085
0.3076
0.3067
0.3070
0.3082
0.3079
0.3073
0.3082
0.3085
0.3079
0.3085
0.3082
0.3076
0.3070
0.3076
0.3076
0.3079
0.3082
0.3082
0.3076
0.3082
0.3076
0.3076
0.3082
0.3073
0.3085
0.3079
0.3085
0.3073
0.3079
0.3076
0.3067
0.3085
0.3085
0.3076
0.3070
0.3082
0.3085
0.3073
0.3079
0.3082
0.3070
0.3073
0.3076
0.3076
0.3073
0.3073
0.3064
0.3058
0.3079
0.3067
0.3067
0.3073
0.3058
0.3064
0.3061
0.3061
0.3061
0.3052
0.3070
0.3064
0.3058
0.3067
0.3052
0.3061
0.3061
0.3064
0.3067
0.3064
0.3070
0.3079
0.3079
0.3067
0.3064
0.3067
0.3073
0.3070
0.3076
0.3061
0.3064
0.3064
0.3079
0.3082
0.3073
0.3079
0.3082
0.3073
0.3073
0.3088
0.3082
0.3082
0.3085
0.3073
0.3088
0.3088
0.3085
0.3082
0.3076
0.3070
0.3082
0.3070
0.3070
0.3067
0.3064
0.3061
0.3067
0.3076
0.3067
0.3073
0.3076
0.3067
0.3064
0.3070
0.3070
0.3076
0.3082
0.3076
0.3070
0.3079
0.3076
0.3082
0.3079
0.3079
0.3082
0.3088
0.3085
0.3082
0.3082
0.3070
0.3082
0.3073
0.3076
0.3067
0.3070
0.3079
0.3070
0.3073
0.3079
0.3082
0.3079
0.3079
0.3070
0.3079
0.3067
0.3070
0.3070
0.3070
0.3076
0.3076
0.3082
0.3073
0.3079
0.3070
0.3064
0.3067
0.3067
0.3076
0.3085
0.3076
0.3079
0.3070
0.3079
0.3079
0.3036
0.3082
0.3085
0.3079
0.3067
0.3070
0.3070
0.3082
0.3073
0.3088
0.3076
0.3076
0.3085
0.3082
0.3094
0.3079
0.3091
0.3085
0.3085
0.3091
0.3098
0.3098
0.3088
0.3094
0.3098
0.3079
0.3088
0.3085
0.3085
0.3079
0.3082
0.3079
0.3091
0.3082
0.3076
0.3073
0.3082
0.3082
0.3079
0.3091
0.3091
0.3098
0.3091
0.3085
0.3091
0.3098
0.3088
0.3101
0.3091
0.3085
0.3085
0.3085
0.3082
0.3079
0.3076
0.3076
0.3076
0.3085
0.3076
0.3082
0.3076
0.3079
0.3088
0.3079
0.3088
0.3076
0.3085
0.3082
0.3073
0.3079
0.3088
0.3088
0.3085
0.3079
0.3070
0.3070
0.3076
0.3082
0.3076
0.3064
0.3079
0.3073
0.3085
0.3064
0.3082
0.3073
0.3082
0.3082
0.3085
0.3088
0.3085
0.3079
0.3085
0.3085
0.3085
0.3079
0.3088
0.3079
0.3085
0.3073
0.3076
0.3085
0.3085
0.3082
0.3073
0.3076
0.3079
0.3088
0.3079
0.3082
0.3076
0.3076
0.3076
0.3064
0.3082
0.3076
0.3043
0.3085
0.3088
0.3082
0.3079
0.3088
0.3079
0.3085
0.3085
0.3085
0.3085
0.3088
0.3076
0.3088
0.3076
0.3076
0.3088
0.3088
0.3091
0.3076
0.3088
0.3082
0.3079
0.3091
0.3082
0.3091
0.3079
0.3082
0.3088
0.3098
0.3094
0.3088
0.3085
0.3079
0.3088
0.3079
0.3091
0.3094
0.3094
0.3098
0.3091
0.3085
0.3098
0.3101
0.3088
0.3101
0.3104
0.3091
0.3088
0.3098
0.3091
0.3091
0.3098
0.3088
0.3091
0.3107
0.3101
0.3101
0.3088
0.3098
0.3107
0.3098
0.3094
0.3098
0.3094
0.3098
0.3091
0.3101
0.3107
0.3091
0.3085
0.3094
0.3091
0.3104
0.3107
0.3091
0.3088
0.3098
0.3094
0.3088
0.3094
0.3094
0.3094
0.3085
