0.5637
0.5640
0.5624
0.5630
0.5621
0.5630
0.5621
0.5630
0.5634
0.5634
0.5637
0.5643
0.5624
0.5624
0.5624
0.5630
0.5624
0.5627
0.5624
0.5612
0.5618
0.5618
0.5615
0.5618
0.5615
0.5615
0.5603
0.5609
0.5606
0.5603
0.5621
0.5609
0.5618
0.5612
0.5618
0.5615
0.5615
0.5621
0.5609
0.5612
0.5624
0.5630
0.5615
0.5630
0.5615
0.5618
0.5624
0.5634
0.5637
0.5621
0.5624
0.5634
0.5646
0.5609
0.5643
0.5643
0.5640
0.5640
0.5649
0.5637
0.5634
0.5640
0.5640
0.5627
0.5618
0.5634
0.5609
0.5612
0.5609
0.5597
0.5600
0.5597
0.5603
0.5594
0.5597
0.5600
0.5597
0.5600
0.5597
0.5600
0.5594
0.5600
0.5612
0.5600
0.5600
0.5603
0.5618
0.5621
0.5615
0.5609
0.5627
0.5615
0.5627
0.5621
0.5627
0.5621
0.5621
0.5627
0.5615
0.5612
0.5624
0.5615
0.5615
0.5624
0.5624
0.5618
0.5621
0.5630
0.5618
0.5627
0.5618
0.5621
0.5627
0.5630
0.5627
0.5637
0.5634
0.5624
0.5630
0.5627
0.5630
0.5643
0.5640
0.5640
0.5640
0.5634
0.5637
0.5630
0.5630
0.5627
0.5643
0.5643
0.5637
0.5649
0.5640
0.5637
0.5649
0.5646
0.5643
0.5646
0.5655
0.5652
0.5646
0.5652
0.5646
0.5630
0.5649
0.5655
0.5652
0.5637
0.5643
0.5630
0.5643
0.5627
0.5637
0.5643
0.5627
0.5630
0.5640
0.5627
0.5640
0.5640
0.5630
0.5640
0.5627
0.5643
0.5634
0.5634
0.5643
0.5634
0.5634
0.5624
0.5634
0.5630
0.5624
0.5624
0.5634
0.5621
0.5630
0.5618
0.5630
0.5621
0.5634
0.5634
0.5615
0.5621
0.5634
0.5627
0.5624
0.5621
0.5630
0.5615
0.5621
0.5615
0.5609
0.5615
0.5615
0.5600
0.5615
0.5615
0.5624
0.5609
0.5618
0.5612
0.5624
0.5627
0.5618
0.5630
0.5624
0.5618
0.5634
0.5630
0.5621
0.5624
0.5624
0.5624
0.5621
0.5618
0.5615
0.5615
0.5615
0.5609
0.5615
0.5618
0.5609
0.5615
0.5557
0.5609
0.5612
0.5609
0.5609
0.5597
0.5594
0.5591
0.5585
0.5591
0.5591
0.5585
0.5585
0.5588
0.5591
0.5600
0.5597
0.5591
0.5600
0.5612
0.5615
0.5615
0.5621
0.5615
0.5609
0.5627
0.5612
0.5606
0.5618
0.5609
0.5603
0.5618
0.5621
0.5609
0.5606
0.5624
0.5612
0.5621
0.5618
0.5618
0.5624
0.5624
0.5615
0.5612
0.5615
0.5609
0.5609
0.5615
0.5603
0.5609
0.5615
0.5609
0.5615
0.5621
0.5606
0.5606
0.5615
0.5612
0.5618
0.5618
0.5627
0.5627
0.5624
0.5615
0.5621
0.5618
0.5603
0.5618
0.5606
0.5609
0.5594
0.5609
0.5600
0.5606
0.5612
0.5594
0.5603
0.5615
0.5600
0.5603
0.5609
0.5606
0.5600
0.5597
0.5615
0.5600
0.5606
0.5621
0.5600
0.5606
0.5603
0.5600
0.5600
0.5600
0.5597
0.5606
0.5615
0.5615
0.5618
0.5615
0.5624
0.5612
0.5612
0.5621
0.5618
0.5615
0.5609
0.5624
0.5606
0.5618
0.5615
0.5618
0.5615
0.5609
0.5612
0.5597
0.5600
0.5591
0.5597
0.5597
0.5600
0.5603
0.5597
0.5600
0.5603
0.5597
0.5612
0.5603
0.5612
0.5606
0.5609
0.5603
0.5609
0.5609
0.5618
0.5612
0.5615
0.5606
0.5606
0.5600
0.5594
0.5603
0.5600
0.5594
0.5597
0.5612
0.5600
0.5609
0.5618
0.5615
0.5627
0.5624
0.5618
0.5624
0.5615
0.5612
0.5627
0.5621
0.5615
0.5624
0.5627
0.5615
0.5624
0.5609
0.5612
0.5609
0.5615
0.5609
0.5615
0.5600
0.5603
0.5606
0.5597
0.5588
0.5609
0.5588
0.5606
0.5594
0.5588
0.5594
0.5600
0.5588
0.5579
0.5591
0.5591
0.5576
0.5576
0.5576
0.5588
0.5597
0.5591
0.5591
0.5591
0.5600
0.5597
0.5615
0.5609
0.5621
0.5618
0.5634
0.5627
0.5637
0.5634
0.5637
0.5643
0.5630
0.5627
0.5640
0.5624
0.5637
0.5640
0.5640
0.5646
0.5643
0.5630
0.5627
0.5627
0.5618
0.5627
0.5621
0.5606
0.5606
0.5588
0.5591
0.5582
0.5579
0.5576
0.5563
0.5563
0.5563
0.5557
0.5566
0.5573
0.5573
0.5582
0.5594
0.5594
0.5591
0.5603
0.5612
0.5609
0.5621
0.5624
0.5627
0.5630
0.5637
0.5649
0.5652
0.5634
0.5664
0.5658
0.5649
0.5661
0.5658
0.5664
0.5667
0.5664
0.5682
0.5676
0.5673
0.5673
0.5673
0.5679
0.5679
0.5688
0.5695
0.5676
0.5685
0.5682
0.5670
0.5676
0.5655
0.5664
0.5652
0.5649
0.5643
0.5646
0.5652
0.5646
0.5652
0.5646
0.5655
0.5646
0.5640
0.5655
0.5640
0.5646
0.5661
0.5652
0.5652
0.5655
0.5652
0.5661
0.5649
0.5664
0.5655
0.5649
0.5658
0.5652
0.5646
0.5652
0.5658
0.5658
0.5643
0.5655
0.5649
0.5649
0.5652
0.5640
0.5649
0.5652
0.5637
0.5643
0.5652
0.5643
0.5643
0.5640
0.5634
0.5627
0.5634
0.5624
0.5615
0.5624
0.5624
0.5627
0.5618
0.5630
0.5621
0.5624
0.5634
0.5627
0.5621
0.5618
0.5627
0.5624
0.5618
0.5615
0.5618
0.5618
0.5618
0.5621
0.5630
0.5627
0.5624
0.5637
0.5627
0.5624
0.5634
0.5630
0.5640
0.5640
0.5627
0.5630
0.5643
0.5643
0.5630
0.5624
0.5630
0.5627
0.5634
0.5560
0.5634
0.5630
0.5643
0.5643
0.5634
0.5646
0.5655
0.5652
0.5652
0.5655
0.5658
0.5652
0.5655
0.5652
0.5652
0.5658
0.5658
0.5661
0.5643
0.5649
0.5640
0.5646
0.5649
0.5652
0.5649
0.5649
0.5643
0.5658
0.5646
0.5643
0.5646
0.5655
0.5643
0.5649
0.5643
0.5643
0.5634
0.5643
0.5643
0.5646
0.5634
0.5640
0.5649
0.5637
0.5637
0.5646
0.5649
0.5640
0.5646
0.5637
0.5637
0.5640
0.5637
0.5630
0.5621
0.5627
0.5618
0.5621
0.5630
0.5609
0.5624
0.5624
0.5615
0.5621
0.5615
0.5624
0.5612
0.5612
0.5609
0.5627
0.5618
0.5615
0.5627
0.5591
0.5627
0.5618
0.5612
0.5624
0.5615
0.5612
0.5618
0.5621
0.5609
0.5615
0.5615
0.5621
0.5606
0.5624
0.5621
0.5612
0.5634
0.5618
0.5621
0.5624
0.5624
0.5624
0.5646
0.5640
0.5634
0.5634
0.5627
0.5634
0.5640
0.5640
0.5627
0.5630
0.5640
0.5637
0.5637
0.5621
0.5624
0.5627
0.5615
0.5627
0.5630
0.5621
0.5637
0.5621
0.5627
0.5621
0.5630
0.5624
0.5624
0.5624
0.5621
0.5624
0.5630
0.5624
0.5627
0.5624
0.5627
0.5624
0.5606
0.5618
0.5615
0.5612
0.5609
0.5606
0.5618
0.5612
0.5624
0.5624
0.5612
0.5618
0.5615
0.5618
0.5624
0.5634
0.5627
0.5646
0.5634
0.5640
0.5637
0.5634
0.5640
0.5630
0.5634
0.5637
0.5627
0.5637
0.5630
0.5637
0.5634
0.5618
0.5618
0.5618
0.5621
0.5618
0.5609
0.5609
0.5609
0.5615
0.5606
0.5606
0.5606
0.5606
0.5609
0.5600
0.5597
0.5606
0.5594
0.5591
0.5585
0.5582
0.5582
0.5582
0.5566
0.5569
0.5579
0.5576
0.5573
0.5573
0.5579
0.5588
0.5582
0.5588
0.5591
0.5594
0.5606
0.5603
0.5597
0.5600
0.5600
0.5600
0.5597
0.5591
0.5615
0.5597
0.5609
0.5597
0.5609
0.5603
0.5600
0.5615
0.5606
0.5615
0.5615
0.5612
0.5600
0.5588
0.5615
0.5606
0.5606
0.5612
0.5609
0.5621
0.5618
0.5621
0.5624
0.5621
0.5624
0.5640
0.5630
0.5643
0.5640
0.5637
0.5630
0.5634
0.5640
0.5643
0.5634
0.5646
0.5643
0.5634
0.5646
0.5646
0.5630
0.5624
0.5630
0.5630
0.5630
0.5618
0.5621
0.5627
0.5627
0.5624
0.5624
0.5621
0.5624
0.5621
0.5615
0.5624
0.5624
0.5624
0.5624
0.5637
0.5630
0.5630
0.5637
0.5627
0.5643
0.5664
0.5640
0.5624
0.5621
0.5643
0.5637
0.5624
0.5618
0.5618
0.5624
0.5627
0.5627
0.5627
0.5624
0.5640
0.5634
0.5630
0.5627
0.5627
0.5634
0.5621
0.5627
0.5640
0.5627
0.5627
0.5627
0.5630
0.5646
0.5643
0.5649
0.5655
0.5658
0.5655
0.5655
0.5667
0.5667
0.5658
0.5664
0.5646
0.5658
0.5643
0.5643
0.5643
0.5640
0.5624
0.5621
0.5630
0.5621
0.5624
0.5615
0.5606
0.5606
0.5603
0.5591
0.5600
0.5600
0.5606
0.5600
0.5603
0.5600
0.5591
0.5603
0.5594
0.5597
0.5609
0.5603
0.5606
0.5591
0.5600
0.5600
0.5603
0.5582
0.5585
0.5582
0.5582
0.5579
0.5585
0.5579
0.5569
0.5573
0.5569
0.5548
0.5569
0.5563
0.5579
0.5566
0.5576
0.5582
0.5582
0.5588
0.5594
0.5594
0.5597
0.5609
0.5603
0.5606
0.5591
0.5597
0.5603
0.5618
0.5609
0.5615
0.5609
0.5612
0.5615
0.5606
0.5615
0.5618
0.5624
0.5615
0.5609
0.5600
0.5600
0.5609
0.5609
0.5603
0.5618
0.5618
0.5615
0.5630
0.5637
0.5627
0.5624
0.5634
0.5630
0.5637
0.5634
0.5643
0.5627
0.5634
0.5630
0.5621
0.5615
0.5618
0.5612
0.5606
0.5618
0.5609
0.5603
0.5624
0.5606
0.5618
0.5612
0.5615
0.5621
0.5615
0.5618
0.5624
0.5637
0.5643
0.5630
0.5646
0.5652
0.5640
0.5634
0.5652
0.5652
0.5646
0.5637
0.5643
0.5637
0.5630
0.5630
0.5630
0.5627
0.5624
0.5612
0.5624
0.5609
0.5615
0.5597
0.5609
0.5615
0.5603
0.5609
0.5597
0.5603
0.5612
0.5606
0.5606
0.5612
0.5609
0.5609
0.5615
0.5624
0.5621
0.5627
0.5624
0.5621
0.5621
0.5624
0.5630
0.5627
0.5646
0.5643
0.5646
0.5643
0.5637
0.5637
0.5649
0.5637
0.5634
0.5627
0.5640
0.5637
0.5618
0.5618
0.5618
0.5624
0.5618
0.5624
0.5615
0.5630
0.5624
0.5634
0.5627
0.5621
0.5627
0.5630
0.5637
0.5621
0.5634
0.5624
0.5637
0.5640
0.5627
0.5640
0.5640
0.5646
0.5624
0.5630
0.5624
0.5630
0.5630
0.5637
0.5621
0.5615
0.5621
0.5621
0.5618
0.5618
0.5624
0.5615
0.5612
0.5609
0.5618
0.5615
0.5600
0.5618
0.5618
0.5600
0.5609
0.5606
0.5615
0.5612
0.5621
0.5609
0.5627
0.5618
0.5634
0.5630
0.5640
0.5649
0.5630
0.5637
0.5643
0.5634
0.5627
0.5634
0.5634
0.5640
0.5637
0.5630
0.5624
0.5634
0.5621
0.5634
0.5634
0.5624
0.5618
0.5615
0.5618
0.5609
0.5624
0.5627
0.5618
0.5627
0.5618
0.5615
0.5621
0.5618
0.5630
0.5637
0.5627
0.5627
0.5615
0.5637
0.5637
0.5637
0.5627
0.5630
0.5630
0.5621
0.5637
0.5630
0.5624
0.5618
0.5624
0.5630
0.5627
0.5624
0.5630
0.5624
0.5630
0.5624
0.5634
0.5621
0.5640
0.5634
0.5637
0.5627
0.5627
0.5634
0.5634
0.5618
0.5615
0.5627
0.5627
0.5627
0.5624
0.5630
0.5630
0.5627
0.5634
0.5615
0.5621
0.5618
0.5627
0.5627
0.5621
0.5615
0.5624
0.5618
0.5615
0.5627
0.5615
0.5612
0.5624
0.5624
0.5618
0.5621
0.5624
0.5618
0.5630
0.5630
0.5640
0.5630
0.5634
0.5643
0.5649
0.5640
0.5649
0.5652
0.5652
0.5640
0.5652
0.5649
0.5655
0.5664
0.5658
0.5655
0.5670
0.5667
0.5655
0.5673
0.5664
0.5667
0.5667
0.5664
0.5664
0.5649
0.5664
0.5667
0.5649
0.5646
0.5652
0.5649
0.5649
0.5640
0.5637
0.5640
0.5637
0.5640
0.5649
0.5646
0.5646
0.5652
0.5664
0.5667
0.5673
0.5676
0.5682
0.5682
0.5676
0.5673
0.5676
0.5692
0.5679
0.5673
0.5679
0.5673
0.5688
0.5679
0.5667
0.5667
0.5673
0.5682
0.5670
0.5685
0.5679
0.5673
0.5682
0.5679
0.5685
0.5682
0.5692
0.5679
0.5692
0.5682
0.5679
0.5667
0.5664
0.5676
0.5661
0.5664
0.5649
0.5652
0.5640
0.5637
0.5637
0.5643
0.5627
0.5637
0.5646
0.5630
0.5640
0.5634
0.5646
0.5646
0.5630
0.5634
0.5640
0.5634
0.5630
0.5624
0.5630
0.5627
0.5624
0.5621
0.5634
0.5618
0.5624
0.5637
0.5630
0.5637
0.5624
0.5627
0.5630
0.5624
0.5630
0.5624
0.5621
0.5634
0.5618
0.5615
0.5618
0.5624
0.5624
0.5618
0.5627
0.5624
0.5637
0.5621
0.5618
0.5634
0.5634
0.5634
0.5618
0.5618
0.5630
0.5627
0.5624
0.5615
0.5624
0.5618
0.5615
0.5618
0.5612
0.5612
0.5615
0.5627
0.5615
0.5630
0.5627
0.5624
0.5627
0.5624
0.5621
0.5634
0.5637
0.5630
0.5630
0.5630
0.5630
0.5634
0.5649
0.5618
0.5621
0.5624
0.5637
0.5637
0.5643
0.5640
0.5640
0.5646
0.5655
0.5664
0.5664
0.5664
0.5667
0.5664
0.5664
0.5664
0.5655
0.5655
0.5649
0.5655
0.5661
0.5652
0.5658
0.5658
0.5664
0.5652
0.5652
0.5664
0.5667
0.5667
0.5670
0.5673
0.5673
0.5679
0.5673
0.5667
0.5673
0.5679
0.5673
0.5673
0.5682
0.5685
0.5670
0.5682
0.5676
0.5676
0.5664
0.5670
0.5673
0.5679
0.5670
0.5670
0.5679
0.5664
0.5673
0.5676
0.5667
0.5667
0.5673
0.5667
0.5664
0.5664
0.5673
0.5670
0.5685
0.5670
0.5664
0.5673
0.5667
0.5670
0.5679
0.5667
0.5673
0.5664
0.5676
0.5670
0.5664
0.5664
0.5673
0.5673
0.5670
0.5673
0.5664
0.5667
0.5664
0.5670
0.5664
0.5667
0.5664
0.5673
0.5652
0.5652
0.5664
0.5649
0.5646
0.5649
0.5664
0.5661
0.5652
0.5646
0.5661
0.5658
0.5655
0.5652
0.5649
0.5655
0.5649
0.5655
0.5640
0.5655
0.5661
0.5658
0.5670
0.5667
0.5664
0.5658
0.5655
0.5664
0.5658
0.5655
0.5640
0.5655
0.5652
0.5652
0.5670
0.5655
0.5664
