0.3082
0.3076
0.3070
0.3079
0.3082
0.3079
0.3073
0.3064
0.3082
0.3085
0.3085
0.3067
0.3076
0.3085
0.3082
0.3076
0.3085
0.3085
0.3070
0.3076
0.3079
0.3085
0.3073
0.3070
0.3079
0.3070
0.3067
0.3067
0.3067
0.3076
0.3079
0.3082
0.3076
0.3070
0.3070
0.3061
0.3070
0.3073
0.3070
0.3070
0.3085
0.3067
0.3082
0.3076
0.3076
0.3076
0.3076
0.3073
0.3076
0.3076
0.3085
0.3076
0.3082
0.3073
0.3067
0.3076
0.3082
0.3064
0.3070
0.3076
0.3104
0.3076
0.3067
0.3070
0.3061
0.3079
0.3070
0.3073
0.3076
0.3067
0.3067
0.3073
0.3076
0.3076
0.3067
0.3067
0.3067
0.3070
0.3079
0.3067
0.3079
0.3085
0.3091
0.3091
0.3085
0.3088
0.3091
0.3082
0.3088
0.3094
0.3094
0.3098
0.3104
0.3082
0.3085
0.3082
0.3113
0.3085
0.3079
0.3073
0.3088
0.3091
0.3088
0.3082
0.3085
0.3076
0.3082
0.3079
0.3091
0.3079
0.3085
0.3091
0.3082
0.3091
0.3101
0.3088
0.3101
0.3098
0.3101
0.3088
0.3098
0.3088
0.3098
0.3094
0.3088
0.3101
0.3088
0.3082
0.3082
0.3079
0.3082
0.3082
0.3079
0.3082
0.3079
0.3085
0.3088
0.3079
0.3082
0.3070
0.3082
0.3091
0.3073
0.3079
0.3073
0.3079
0.3085
0.3079
0.3079
0.3085
0.3085
0.3085
0.3085
0.3088
0.3091
0.3082
0.3085
0.3082
0.3082
0.3082
0.3088
0.3088
0.3091
0.3085
0.3088
0.3085
0.3085
0.3091
0.3082
0.3076
0.3082
0.3088
0.3085
0.3094
0.3085
0.3101
0.3104
0.3101
0.3101
0.3107
0.3101
0.3107
0.3107
0.3110
0.3107
0.3110
0.3119
0.3110
0.3107
0.3107
0.3116
0.3104
0.3104
0.3101
0.3113
0.3113
0.3125
0.3104
0.3119
0.3116
0.3104
0.3113
0.3113
0.3119
0.3107
0.3113
0.3110
0.3116
0.3107
0.3113
0.3119
0.3119
0.3116
0.3113
0.3110
0.3113
0.3107
0.3110
0.3113
0.3104
0.3110
0.3113
0.3101
0.3119
0.3110
0.3107
0.3116
0.3107
0.3110
0.3110
0.3107
0.3116
0.3116
0.3116
0.3107
0.3113
0.3125
0.3116
0.3110
0.3113
0.3116
0.3125
0.3119
0.3110
0.3116
0.3116
0.3122
0.3122
0.3128
0.3116
0.3119
0.3119
0.3116
0.3125
0.3116
0.3119
0.3122
0.3125
0.3125
0.3107
0.3110
0.3110
0.3116
0.3116
0.3101
0.3113
0.3094
0.3101
0.3110
0.3107
0.3088
0.3104
0.3101
0.3088
0.3091
0.3110
0.3101
0.3104
0.3101
0.3088
0.3088
0.3107
0.3101
0.3104
0.3088
0.3091
0.3101
0.3098
0.3088
0.3082
0.3085
0.3091
0.3088
0.3091
0.3082
0.3082
0.3098
0.3082
0.3094
0.3085
0.3098
0.3088
0.3098
0.3094
0.3101
0.3101
0.3091
0.3094
0.3088
0.3082
0.3101
0.3088
0.3082
0.3082
0.3085
0.3091
0.3085
0.3076
0.3082
0.3067
0.3073
0.3088
0.3079
0.3073
0.3076
0.3082
0.3088
0.3085
0.3137
0.3088
0.3082
0.3082
0.3076
0.3085
0.3085
0.3088
0.3076
0.3079
0.3073
0.3119
0.3070
0.3073
0.3073
0.3061
0.3070
0.3076
0.3073
0.3067
0.3076
0.3064
0.3076
0.3067
0.3082
0.3082
0.3107
0.3073
0.3076
0.3085
0.3088
0.3070
0.3076
0.3088
0.3079
0.3091
0.3085
0.3082
0.3094
0.3088
0.3082
0.3082
0.3082
0.3101
0.3082
0.3091
0.3082
0.3082
0.3094
0.3098
0.3079
0.3082
0.3085
0.3079
0.3082
0.3085
0.3085
0.3098
0.3091
0.3076
0.3091
0.3076
0.3094
0.3088
0.3085
0.3079
0.3079
0.3076
0.3091
0.3082
0.3082
0.3070
0.3076
0.3082
0.3082
0.3082
0.3073
0.3082
0.3073
0.3067
0.3079
0.3070
0.3073
0.3067
0.3058
0.3067
0.3067
0.3067
0.3055
0.3058
0.3046
0.3070
0.3064
0.3073
0.3064
0.3070
0.3067
0.3070
0.3073
0.3070
0.3076
0.3070
0.3079
0.3088
0.3085
0.3076
0.3076
0.3079
0.3079
0.3079
0.3076
0.3082
0.3079
0.3070
0.3082
0.3079
0.3079
0.3073
0.3076
0.3070
0.3079
0.3064
0.3064
0.3070
0.3067
0.3082
0.3067
0.3082
0.3082
0.3076
0.3091
0.3076
0.3094
0.3098
0.3088
0.3088
0.3088
0.3088
0.3094
0.3079
0.3098
0.3076
0.3094
0.3085
0.3094
0.3091
0.3085
0.3091
0.3079
0.3085
0.3085
0.3076
0.3079
0.3091
0.3079
0.3098
0.3085
0.3091
0.3079
0.3082
0.3091
0.3079
0.3098
0.3082
0.3088
0.3079
0.3094
0.3085
0.3094
0.3079
0.3091
0.3088
0.3079
0.3085
0.3088
0.3091
0.3085
0.3085
0.3082
0.3091
0.3085
0.3085
0.3088
0.3094
0.3085
0.3104
0.3094
0.3091
0.3098
0.3101
0.3082
0.3091
0.3085
0.3094
0.3091
0.3076
0.3076
0.3085
0.3091
0.3079
0.3085
0.3082
0.3082
0.3085
0.3088
0.3079
0.3088
0.3091
0.3082
0.3085
0.3079
0.3091
0.3091
0.3082
0.3079
0.3082
0.3082
0.3085
0.3079
0.3076
0.3082
0.3079
0.3073
0.3067
0.3070
0.3079
0.3061
0.3073
0.3082
0.3067
0.3073
0.3085
0.3073
0.3082
0.3085
0.3079
0.3073
0.3085
0.3076
0.3070
0.3076
0.3070
0.3064
0.3064
0.3073
0.3061
0.3073
0.3070
0.3076
0.3079
0.3067
0.3064
0.3076
0.3073
0.3067
0.3082
0.3061
0.3070
0.3070
0.3076
0.3070
0.3067
0.3076
0.3073
0.3067
0.3064
0.3076
0.3070
0.3082
0.3076
0.3082
0.3070
0.3076
0.3079
0.3076
0.3076
0.3073
0.3076
0.3085
0.3076
0.3079
0.3085
0.3076
0.3082
0.3085
0.3076
0.3079
0.3101
0.3101
0.3098
0.3101
0.3085
0.3104
0.3101
0.3101
0.3088
0.3088
0.3101
0.3082
0.3085
0.3098
0.3094
0.3098
0.3085
0.3085
0.3079
0.3088
0.3079
0.3085
0.3076
0.3088
0.3073
0.3082
0.3076
0.3076
0.3082
0.3076
0.3079
0.3088
0.3085
0.3085
0.3085
0.3049
0.3082
0.3082
0.3085
0.3085
0.3088
0.3085
0.3085
0.3076
0.3076
0.3079
0.3082
0.3079
0.3085
0.3073
0.3076
0.3067
0.3061
0.3067
0.3076
0.3076
0.3073
0.3082
0.3076
0.3079
0.3070
0.3091
0.3085
0.3082
0.3079
0.3085
0.3088
0.3088
0.3091
0.3098
0.3088
0.3088
0.3101
0.3098
0.3085
0.3101
0.3091
0.3091
0.3101
0.3094
0.3085
0.3085
0.3088
0.3088
0.3085
0.3091
0.3085
0.3076
0.3079
0.3079
0.3082
0.3076
0.3085
0.3076
0.3079
0.3082
0.3085
0.3082
0.3085
0.3088
0.3085
0.3076
0.3070
0.3067
0.3067
0.3067
0.3073
0.3079
0.3067
0.3070
0.3067
0.3076
0.3064
0.3064
0.3073
0.3067
0.3070
0.3064
0.3064
0.3079
0.3076
0.3076
0.3082
0.3076
0.3076
0.3079
0.3079
0.3076
0.3079
0.3082
0.3085
0.3085
0.3079
0.3085
0.3073
0.3079
0.3082
0.3076
0.3076
0.3076
0.3070
0.3067
0.3067
0.3073
0.3073
0.3076
0.3070
0.3064
0.3076
0.3073
0.3079
0.3076
0.3079
0.3067
0.3082
0.3082
0.3079
0.3082
0.3076
0.3079
0.3082
0.3085
0.3079
0.3073
0.3064
0.3067
0.3070
0.3061
0.3076
0.3070
0.3073
0.3076
0.3064
0.3067
0.3073
0.3061
0.3067
0.3076
0.3070
0.3076
0.3064
0.3082
0.3085
0.3079
0.3082
0.3079
0.3085
0.3088
0.3088
0.3085
0.3085
0.3088
0.3088
0.3076
0.3076
0.3085
0.3085
0.3076
0.3085
0.3073
0.3079
0.3091
0.3070
0.3085
0.3076
0.3088
0.3079
0.3079
0.3079
0.3079
0.3079
0.3088
0.3088
0.3079
0.3079
0.3094
0.3085
0.3094
0.3094
0.3088
0.3101
0.3085
0.3104
0.3107
0.3104
0.3107
0.3104
0.3098
0.3107
0.3098
0.3091
0.3101
0.3101
0.3085
0.3085
0.3088
0.3091
0.3079
0.3091
0.3094
0.3091
0.3082
0.3076
0.3085
0.3094
0.3085
0.3101
0.3098
0.3085
0.3098
0.3091
0.3101
0.3098
0.3104
0.3085
0.3076
0.3091
0.3091
0.3088
0.3079
0.3079
0.3088
0.3082
0.3073
0.3076
0.3079
0.3070
0.3082
0.3070
0.3030
0.3085
0.3079
0.3070
0.3070
0.3082
0.3082
0.3070
0.3079
0.3070
0.3073
0.3079
0.3079
0.3073
0.3079
0.3067
0.3073
0.3067
0.3061
0.3067
0.3076
0.3064
0.3073
0.3049
0.3076
0.3067
0.3076
0.3079
0.3067
0.3070
0.3070
0.3082
0.3082
0.3085
0.3079
0.3082
0.3073
0.3079
0.3079
0.3088
0.3085
0.3085
0.3012
0.3094
0.3088
0.3085
0.3101
0.3091
0.3101
0.3104
0.3098
0.3107
0.3107
0.3094
0.3091
0.3091
0.3101
0.3094
0.3088
0.3088
0.3088
0.3094
0.3085
0.3076
0.3091
0.3101
0.3085
0.3085
0.3101
0.3094
0.3085
0.3088
0.3091
0.3088
0.3098
0.3085
0.3101
0.3101
0.3091
0.3101
0.3082
0.3088
0.3098
0.3073
0.3091
0.3098
0.3085
0.3088
0.3091
0.3094
0.3091
0.3091
0.3079
0.3088
0.3082
0.3079
0.3088
0.3091
0.3073
0.3085
0.3076
0.3067
0.3079
0.3067
0.3076
0.3079
0.3073
0.3067
0.3064
0.3082
0.3076
0.3064
0.3079
0.3076
0.3079
0.3061
0.3070
0.3076
0.3061
0.3067
0.3076
0.3070
0.3067
0.3067
0.3076
0.3070
0.3076
0.3101
0.3079
0.3088
0.3088
0.3091
0.3091
0.3088
0.3079
0.3082
0.3079
0.3088
0.3085
0.3082
0.3088
0.3091
0.3085
0.3073
0.3085
0.3070
0.3076
0.3079
0.3061
0.3067
0.3067
0.3076
0.3073
0.3076
0.3082
0.3076
0.3082
0.3079
0.3079
0.3082
0.3076
0.3079
0.3067
0.3070
0.3070
0.3073
0.3076
0.3073
0.3076
0.3079
0.3076
0.3067
0.3073
0.3070
0.3070
0.3064
0.3070
0.3070
0.3067
0.3061
0.3076
0.3061
0.3073
0.3064
0.3064
0.3058
0.3067
0.3079
0.3067
0.3067
0.3079
0.3082
0.3082
0.3076
0.3076
0.3082
0.3085
0.3079
0.3073
0.3085
0.3082
0.3094
0.3088
0.3088
0.3076
0.3082
0.3082
0.3085
0.3088
0.3101
0.3098
0.3101
0.3085
0.3088
0.3088
0.3091
0.3098
0.3088
0.3082
0.3091
0.3085
0.3091
0.3094
0.3085
0.3079
0.3082
0.3091
0.3082
0.3094
0.3091
0.3085
0.3094
0.3101
0.3098
0.3091
0.3085
0.3094
0.3094
0.3094
0.3094
0.3107
0.3107
0.3088
0.3091
0.3088
0.3094
0.3098
0.3101
0.3094
0.3094
0.3098
0.3104
0.3088
0.3088
0.3101
0.3094
0.3085
0.3094
0.3082
0.3085
0.3091
0.3076
0.3091
0.3082
0.3119
0.3085
0.3082
0.3082
0.3079
0.3082
0.3085
0.3076
0.3098
0.3082
0.3076
0.3079
0.3082
0.3088
0.3085
0.3076
0.3088
0.3085
0.3079
0.3094
0.3085
0.3082
0.3091
0.3098
0.3101
0.3098
0.3104
0.3091
0.3085
0.3085
0.3098
0.3098
0.3101
0.3091
0.3088
0.3098
0.3082
0.3101
0.3101
0.3091
0.3101
0.3107
0.3094
0.3104
0.3085
0.3091
0.3082
0.3101
0.3082
0.3091
0.3088
0.3079
0.3079
0.3094
0.3085
0.3098
0.3085
0.3085
0.3101
0.3085
0.3101
0.3098
0.3098
0.3085
0.3107
0.3091
0.3085
0.3101
0.3088
0.3098
0.3101
0.3098
0.3101
0.3091
0.3101
0.3094
0.3085
0.3091
0.3104
0.3091
0.3107
0.3104
0.3101
0.3104
0.3098
0.3098
0.3098
0.3091
0.3091
0.3098
0.3101
0.3091
0.3094
0.3094
0.3085
0.3079
0.3082
0.3101
0.3085
0.3076
0.3085
0.3094
0.3079
0.3082
0.3070
0.3073
0.3070
0.3076
0.3079
0.3079
0.3070
0.3067
0.3076
0.3079
0.3073
0.3070
0.3070
0.3076
0.3079
0.3070
0.3073
0.3070
0.3073
0.3082
0.3076
0.3076
0.3070
0.3079
0.3079
0.3079
0.3085
0.3079
0.3079
0.3085
0.3076
0.3076
0.3079
0.3085
0.3085
0.3085
0.3079
0.3085
0.3076
0.3079
0.3079
0.3085
0.3085
0.3094
0.3076
0.3088
0.3091
0.3082
0.3116
0.3094
0.3091
0.3101
0.3104
0.3094
0.3091
0.3104
0.3101
0.3091
0.3104
0.3110
0.3107
0.3101
0.3091
0.3094
0.3101
0.3101
0.3110
0.3107
0.3113
0.3104
0.3098
0.3085
0.3091
0.3104
0.3094
0.3107
0.3104
0.3088
0.3098
0.3094
0.3094
0.3107
0.3085
0.3091
0.3098
0.3104
0.3094
0.3104
0.3098
0.3082
0.3085
0.3085
0.3079
0.3098
0.3076
0.3085
0.3079
0.3085
0.3091
0.3088
0.3082
0.3079
0.3091
0.3098
0.3091
0.3079
0.3091
0.3085
0.3094
0.3088
0.3094
0.3101
0.3085
0.3101
0.3094
0.3085
0.3091
0.3088
0.3104
0.3091
0.3088
0.3085
0.3101
0.3098
0.3082
0.3098
0.3094
0.3098
0.3085
0.3079
0.3088
0.3098
0.3088
0.3094
0.3094
0.3082
0.3094
0.3094
0.3088
0.3088
0.3085
0.3091
0.3079
0.3091
0.3098
0.3094
0.3091
0.3085
0.3107
0.3088
0.3094
0.3098
0.3098
0.3101
0.3091
0.3082
0.3091
0.3091
0.3085
0.3091
0.3082
0.3085
0.3094
0.3088
0.3088
0.3082
0.3076
0.3076
0.3076
0.3079
0.3079
0.3082
0.3079
0.3076
0.3070
0.3085
0.3082
0.3082
0.3076
0.3076
0.3085
0.3085
0.3091
0.3082
0.3076
0.3079
0.3082
0.3082
0.3085
0.3076
0.3085
0.3101
0.3079
0.3070
0.3076
0.3079
0.3085
0.3091
0.3091
0.3082
0.3098
0.3082
0.3088
0.3088
0.3094
0.3085
0.3091
0.3088
0.3101
0.3094
0.3079
0.3088
0.3079
0.3085
0.3076
0.3085
0.3088
0.3079
0.3085
0.3085
0.3070
0.3091
0.3076
0.3082
0.3079
0.3088
0.3079
0.3088
0.3079
0.3076
0.3073
0.3070
0.3067
0.3070
0.3073
0.3070
0.3076
0.3082
0.3070
0.3073
0.3067
0.3079
0.3079
0.3082
0.3079
0.3067
0.3082
0.3079
0.3073
0.3076
