0.6409
0.6396
0.6400
0.6390
0.6406
0.6384
0.6390
0.6396
0.6381
0.6384
0.6387
0.6372
0.6369
0.6360
0.6360
0.6366
0.6348
0.6348
0.6357
0.6348
0.6351
0.6351
0.6363
0.6363
0.6360
0.6375
0.6375
0.6396
0.6396
0.6396
0.6403
0.6415
0.6418
0.6409
0.6427
0.6424
0.6427
0.6418
0.6406
0.6412
0.6409
0.6403
0.6415
0.6415
0.6409
0.6418
0.6412
0.6403
0.6406
0.6406
0.6393
0.6412
0.6412
0.6396
0.6409
0.6412
0.6403
0.6400
0.6396
0.6396
0.6400
0.6393
0.6387
0.6396
0.6390
0.6390
0.6390
0.6403
0.6396
0.6403
0.6409
0.6412
0.6427
0.6415
0.6451
0.6427
0.6439
0.6436
0.6445
0.6464
0.6461
0.6476
0.6476
0.6476
0.6485
0.6476
0.6485
0.6494
0.6488
0.6494
0.6494
0.6497
0.6509
0.6503
0.6500
0.6494
0.6497
0.6488
0.6497
0.6482
0.6482
0.6470
0.6476
0.6461
0.6476
0.6458
0.6454
0.6467
0.6461
0.6473
0.6464
0.6464
0.6473
0.6467
0.6485
0.6482
0.6479
0.6482
0.6485
0.6491
0.6488
0.6488
0.6503
0.6485
0.6488
0.6491
0.6494
0.6479
0.6485
0.6476
0.6470
0.6458
0.6461
0.6454
0.6448
0.6445
0.6427
0.6430
0.6415
0.6421
0.6424
0.6415
0.6424
0.6409
0.6427
0.6406
0.6421
0.6415
0.6412
0.6412
0.6412
0.6406
0.6406
0.6403
0.6412
0.6406
0.6412
0.6415
0.6412
0.6409
0.6406
0.6415
0.6421
0.6433
0.6442
0.6433
0.6430
0.6427
0.6436
0.6445
0.6439
0.6424
0.6442
0.6424
0.6427
0.6427
0.6433
0.6424
0.6424
0.6421
0.6400
0.6406
0.6409
0.6409
0.6403
0.6393
0.6384
0.6393
0.6381
0.6396
0.6387
0.6375
0.6369
0.6375
0.6378
0.6375
0.6384
0.6384
0.6390
0.6406
0.6406
0.6430
0.6427
0.6430
0.6448
0.6439
0.6445
0.6464
0.6461
0.6473
0.6488
0.6464
0.6479
0.6479
0.6470
0.6461
0.6473
0.6458
0.6448
0.6451
0.6427
0.6442
0.6436
0.6427
0.6412
0.6396
0.6406
0.6406
0.6415
0.6418
0.6418
0.6418
0.6409
0.6406
0.6396
0.6406
0.6400
0.6400
0.6403
0.6400
0.6403
0.6412
0.6427
0.6421
0.6409
0.6421
0.6412
0.6415
0.6406
0.6421
0.6409
0.6412
0.6409
0.6418
0.6421
0.6418
0.6409
0.6409
0.6415
0.6403
0.6406
0.6393
0.6387
0.6378
0.6375
0.6357
0.6363
0.6360
0.6369
0.6369
0.6363
0.6366
0.6384
0.6387
0.6390
0.6393
0.6406
0.6409
0.6418
0.6412
0.6430
0.6424
0.6436
0.6436
0.6448
0.6439
0.6436
0.6436
0.6430
0.6436
0.6424
0.6421
0.6430
0.6424
0.6415
0.6424
0.6427
0.6433
0.6424
0.6415
0.6433
0.6424
0.6442
0.6436
0.6442
0.6436
0.6436
0.6439
0.6433
0.6430
0.6430
0.6430
0.6424
0.6424
0.6412
0.6418
0.6412
0.6418
0.6409
0.6400
0.6396
0.6400
0.6390
0.6393
0.6381
0.6381
0.6372
0.6372
0.6372
0.6375
0.6354
0.6360
0.6369
0.6360
0.6357
0.6360
0.6351
0.6348
0.6351
0.6360
0.6357
0.6363
0.6363
0.6372
0.6390
0.6381
0.6406
0.6406
0.6393
0.6406
0.6400
0.6412
0.6415
0.6418
0.6430
0.6418
0.6433
0.6433
0.6424
0.6412
0.6412
0.6409
0.6384
0.6381
0.6366
0.6375
0.6360
0.6354
0.6354
0.6360
0.6351
0.6332
0.6339
0.6335
0.6332
0.6335
0.6326
0.6348
0.6335
0.6351
0.6351
0.6363
0.6375
0.6372
0.6375
0.6375
0.6390
0.6403
0.6400
0.6406
0.6424
0.6427
0.6436
0.6430
0.6430
0.6433
0.6427
0.6439
0.6421
0.6433
0.6424
0.6436
0.6430
0.6424
0.6424
0.6427
0.6418
0.6418
0.6418
0.6427
0.6424
0.6433
0.6427
0.6421
0.6433
0.6418
0.6424
0.6430
0.6433
0.6445
0.6433
0.6442
0.6448
0.6451
0.6473
0.6479
0.6479
0.6485
0.6491
0.6497
0.6500
0.6494
0.6500
0.6494
0.6503
0.6485
0.6485
0.6485
0.6479
0.6479
0.6467
0.6473
0.6464
0.6448
0.6448
0.6436
0.6433
0.6421
0.6412
0.6427
0.6424
0.6415
0.6436
0.6439
0.6433
0.6442
0.6439
0.6448
0.6451
0.6439
0.6445
0.6448
0.6451
0.6442
0.6458
0.6454
0.6458
0.6458
0.6467
0.6467
0.6467
0.6488
0.6488
0.6476
0.6479
0.6491
0.6488
0.6476
0.6491
0.6491
0.6482
0.6479
0.6473
0.6461
0.6461
0.6448
0.6454
0.6448
0.6445
0.6427
0.6424
0.6427
0.6427
0.6415
0.6406
0.6400
0.6403
0.6396
0.6390
0.6390
0.6415
0.6406
0.6418
0.6421
0.6424
0.6424
0.6424
0.6436
0.6436
0.6445
0.6436
0.6439
0.6448
0.6451
0.6442
0.6445
0.6445
0.6467
0.6467
0.6476
0.6470
0.6479
0.6470
0.6470
0.6479
0.6473
0.6470
0.6467
0.6479
0.6467
0.6461
0.6464
0.6470
0.6482
0.6479
0.6470
0.6485
0.6482
0.6479
0.6497
0.6488
0.6482
0.6485
0.6488
0.6482
0.6470
0.6479
0.6482
0.6458
0.6479
0.6470
0.6476
0.6485
0.6482
0.6467
0.6476
0.6470
0.6470
0.6458
0.6442
0.6424
0.6433
0.6421
0.6421
0.6424
0.6418
0.6418
0.6412
0.6415
0.6430
0.6418
0.6421
0.6421
0.6424
0.6430
0.6427
0.6427
0.6439
0.6430
0.6445
0.6445
0.6436
0.6451
0.6445
0.6439
0.6448
0.6439
0.6451
0.6439
0.6442
0.6442
0.6430
0.6436
0.6421
0.6421
0.6418
0.6421
0.6430
0.6421
0.6418
0.6421
0.6415
0.6415
0.6424
0.6421
0.6415
0.6409
0.6412
0.6400
0.6396
0.6390
0.6396
0.6387
0.6387
0.6381
0.6390
0.6384
0.6390
0.6390
0.6396
0.6400
0.6412
0.6412
0.6412
0.6424
0.6421
0.6436
0.6436
0.6424
0.6436
0.6436
0.6436
0.6439
0.6445
0.6448
0.6445
0.6436
0.6445
0.6442
0.6448
0.6439
0.6454
0.6458
0.6454
0.6454
0.6467
0.6458
0.6451
0.6448
0.6454
0.6439
0.6461
0.6458
0.6451
0.6458
0.6451
0.6464
0.6461
0.6467
0.6473
0.6451
0.6461
0.6458
0.6439
0.6436
0.6424
0.6427
0.6427
0.6415
0.6412
0.6412
0.6412
0.6409
0.6393
0.6384
0.6384
0.6387
0.6381
0.6375
0.6396
0.6378
0.6384
0.6381
0.6384
0.6406
0.6400
0.6406
0.6409
0.6424
0.6433
0.6436
0.6451
0.6451
0.6470
0.6473
0.6485
0.6479
0.6482
0.6488
0.6479
0.6482
0.6485
0.6488
0.6470
0.6479
0.6476
0.6473
0.6479
0.6488
0.6491
0.6494
0.6482
0.6470
0.6473
0.6488
0.6470
0.6476
0.6470
0.6458
0.6473
0.6473
0.6461
0.6458
0.6451
0.6448
0.6445
0.6430
0.6424
0.6421
0.6415
0.6421
0.6406
0.6400
0.6390
0.6387
0.6381
0.6384
0.6378
0.6384
0.6387
0.6387
0.6406
0.6396
0.6396
0.6406
0.6412
0.6418
0.6418
0.6424
0.6421
0.6436
0.6433
0.6436
0.6454
0.6448
0.6464
0.6448
0.6451
0.6439
0.6442
0.6451
0.6439
0.6442
0.6458
0.6442
0.6454
0.6448
0.6458
0.6454
0.6467
0.6470
0.6482
0.6467
0.6479
0.6476
0.6479
0.6482
0.6488
0.6482
0.6497
0.6497
0.6500
0.6494
0.6500
0.6509
0.6509
0.6522
0.6506
0.6522
0.6522
0.6512
0.6525
0.6512
0.6509
0.6506
0.6488
0.6482
0.6467
0.6470
0.6458
0.6445
0.6436
0.6427
0.6421
0.6424
0.6427
0.6424
0.6421
0.6418
0.6415
0.6424
0.6427
0.6436
0.6424
0.6430
0.6436
0.6433
0.6418
0.6424
0.6400
0.6400
0.6387
0.6381
0.6366
0.6369
0.6360
0.6363
0.6363
0.6369
0.6366
0.6351
0.6348
0.6357
0.6348
0.6354
0.6351
0.6354
0.6360
0.6357
0.6363
0.6354
0.6363
0.6366
0.6378
0.6390
0.6387
0.6406
0.6406
0.6418
0.6427
0.6436
0.6445
0.6451
0.6454
0.6448
0.6454
0.6461
0.6454
0.6454
0.6470
0.6470
0.6464
0.6473
0.6464
0.6482
0.6479
0.6482
0.6464
0.6470
0.6485
0.6476
0.6467
0.6470
0.6464
0.6467
0.6458
0.6461
0.6451
0.6445
0.6445
0.6448
0.6436
0.6430
0.6433
0.6427
0.6421
0.6427
0.6427
0.6418
0.6412
0.6421
0.6421
0.6424
0.6390
0.6430
0.6427
0.6424
0.6436
0.6442
0.6436
0.6445
0.6464
0.6454
0.6454
0.6448
0.6445
0.6436
0.6436
0.6421
0.6436
0.6424
0.6412
0.6418
0.6415
0.6421
0.6412
0.6403
0.6406
0.6403
0.6409
0.6400
0.6406
0.6406
0.6415
0.6406
0.6409
0.6415
0.6393
0.6393
0.6384
0.6396
0.6387
0.6378
0.6381
0.6384
0.6384
0.6403
0.6393
0.6406
0.6412
0.6406
0.6424
0.6415
0.6421
0.6430
0.6421
0.6427
0.6424
0.6424
0.6430
0.6424
0.6433
0.6430
0.6418
0.6418
0.6421
0.6424
0.6436
0.6445
0.6448
0.6442
0.6433
0.6445
0.6436
0.6424
0.6421
0.6421
0.6418
0.6406
0.6418
0.6412
0.6396
0.6396
0.6403
0.6396
0.6390
0.6396
0.6390
0.6403
0.6409
0.6403
0.6406
0.6415
0.6433
0.6427
0.6436
0.6448
0.6439
0.6436
0.6458
0.6451
0.6461
0.6461
0.6476
0.6479
0.6458
0.6467
0.6461
0.6467
0.6473
0.6473
0.6470
0.6464
0.6461
0.6464
0.6467
0.6454
0.6451
0.6458
0.6458
0.6464
0.6458
0.6464
0.6448
0.6458
0.6476
0.6467
0.6479
0.6479
0.6479
0.6485
0.6485
0.6494
0.6494
0.6488
0.6497
0.6497
0.6503
0.6516
0.6516
0.6509
0.6509
0.6516
0.6519
0.6500
0.6512
0.6497
0.6482
0.6488
0.6476
0.6467
0.6476
0.6464
0.6461
0.6458
0.6454
0.6467
0.6473
0.6476
0.6470
0.6461
0.6470
0.6473
0.6470
0.6482
0.6485
0.6482
0.6479
0.6491
0.6485
0.6473
0.6485
0.6470
0.6473
0.6473
0.6473
0.6461
0.6454
0.6454
0.6461
0.6458
0.6454
0.6451
0.6458
0.6461
0.6467
0.6458
0.6470
0.6464
0.6479
0.6476
0.6494
0.6494
0.6485
0.6506
0.6497
0.6494
0.6488
0.6500
0.6497
0.6488
0.6497
0.6488
0.6497
0.6500
0.6497
0.6494
0.6497
0.6497
0.6516
0.6503
0.6503
0.6503
0.6509
0.6503
0.6506
0.6500
0.6503
0.6519
0.6500
0.6497
0.6494
0.6473
0.6479
0.6470
0.6479
0.6473
0.6464
0.6464
0.6464
0.6458
0.6454
0.6445
0.6458
0.6448
0.6442
0.6436
0.6430
0.6439
0.6436
0.6451
0.6436
0.6442
0.6436
0.6433
0.6442
0.6418
0.6430
0.6418
0.6418
0.6406
0.6409
0.6412
0.6396
0.6390
0.6393
0.6390
0.6396
0.6387
0.6393
0.6390
0.6396
0.6384
0.6393
0.6390
0.6393
0.6390
0.6393
0.6393
0.6390
0.6384
0.6381
0.6375
0.6378
0.6375
0.6387
0.6381
0.6384
0.6406
0.6403
0.6406
0.6415
0.6415
0.6412
0.6418
0.6415
0.6427
0.6424
0.6424
0.6439
0.6445
0.6445
0.6445
0.6439
0.6439
0.6427
0.6427
0.6436
0.6427
0.6418
0.6418
0.6433
0.6427
0.6433
0.6433
0.6448
0.6454
0.6451
0.6461
0.6458
0.6461
0.6454
0.6454
0.6464
0.6464
0.6458
0.6448
0.6442
0.6442
0.6442
0.6445
0.6424
0.6433
0.6436
0.6418
0.6421
0.6421
0.6415
0.6403
0.6406
0.6396
0.6400
0.6393
0.6396
0.6403
0.6400
0.6393
0.6390
0.6400
0.6393
0.6406
0.6396
0.6400
0.6406
0.6406
0.6415
0.6427
0.6442
0.6448
0.6445
0.6445
0.6442
0.6436
0.6445
0.6445
0.6445
0.6451
0.6445
0.6442
0.6445
0.6439
0.6439
0.6436
0.6436
0.6436
0.6430
0.6424
0.6439
0.6436
0.6442
0.6436
0.6427
0.6436
0.6442
0.6433
0.6424
0.6421
0.6430
0.6433
0.6433
0.6430
0.6427
0.6430
0.6442
0.6430
0.6439
0.6424
0.6427
0.6421
0.6424
0.6418
0.6421
0.6433
0.6421
0.6421
0.6412
0.6412
0.6409
0.6418
0.6418
0.6421
0.6409
0.6412
0.6421
0.6412
0.6409
0.6427
0.6418
0.6418
0.6430
0.6415
0.6430
0.6412
0.6424
0.6409
0.6396
0.6412
0.6403
0.6393
0.6384
0.6390
0.6372
0.6378
0.6366
0.6372
0.6357
0.6363
0.6366
0.6375
0.6372
0.6369
0.6375
0.6375
0.6378
0.6372
0.6381
0.6384
0.6369
0.6378
0.6375
0.6357
0.6354
0.6360
0.6348
0.6357
0.6354
0.6360
0.6357
0.6351
0.6345
0.6357
0.6348
0.6351
0.6366
0.6354
0.6363
0.6372
0.6372
0.6381
0.6390
0.6390
0.6384
0.6406
0.6412
0.6384
0.6406
0.6409
0.6424
0.6418
0.6415
0.6418
0.6415
0.6424
0.6433
0.6436
0.6436
0.6436
0.6436
0.6454
0.6445
0.6445
0.6461
0.6461
0.6458
0.6473
0.6473
0.6467
0.6467
0.6470
0.6467
0.6464
0.6470
0.6458
0.6464
0.6467
0.6467
0.6470
0.6479
0.6485
0.6497
0.6485
0.6503
0.6506
0.6500
0.6519
0.6500
0.6509
0.6509
0.6519
0.6503
0.6509
0.6500
0.6497
0.6491
0.6497
0.6482
0.6464
0.6464
0.6464
0.6470
0.6458
0.6448
0.6454
0.6445
0.6454
0.6451
0.6436
0.6451
0.6433
0.6427
0.6430
0.6427
0.6439
0.6427
0.6433
0.6433
0.6427
0.6424
0.6424
0.6436
0.6430
0.6430
0.6436
0.6442
0.6445
0.6439
0.6445
0.6448
0.6445
0.6454
0.6458
0.6470
0.6467
0.6482
0.6476
0.6473
0.6476
0.6476
0.6482
0.6479
0.6491
0.6488
0.6482
0.6494
0.6482
0.6473
0.6470
0.6476
0.6476
0.6470
0.6473
0.6476
0.6476
0.6470
0.6461
0.6479
0.6476
0.6473
0.6464
0.6470
0.6470
0.6479
0.6479
0.6488
0.6473
0.6473
0.6479
0.6479
0.6497
0.6485
0.6476
0.6488
0.6485
0.6488
0.6482
0.6470
0.6473
0.6467
0.6458
0.6451
0.6458
0.6448
0.6436
0.6439
0.6427
0.6427
0.6418
0.6421
0.6409
0.6418
0.6403
