0.6152
0.6146
0.6152
0.6143
0.6149
0.6149
0.6140
0.6137
0.6125
0.6137
0.6128
0.6128
0.6119
0.6113
0.6104
0.6110
0.6104
0.6107
0.6100
0.6107
0.6100
0.6088
0.6097
0.6088
0.6088
0.6097
0.6091
0.6100
0.6085
0.6094
0.6104
0.6097
0.6091
0.6100
0.6107
0.6100
0.6113
0.6113
0.6119
0.6119
0.6125
0.6122
0.6137
0.6128
0.6128
0.6125
0.6125
0.6131
0.6119
0.6128
0.6125
0.6131
0.6131
0.6119
0.6119
0.6107
0.6113
0.6122
0.6110
0.6107
0.6116
0.6113
0.6113
0.6100
0.6100
0.6110
0.6110
0.6116
0.6116
0.6116
0.6119
0.6131
0.6131
0.6143
0.6161
0.6165
0.6204
0.6171
0.6177
0.6171
0.6189
0.6171
0.6171
0.6177
0.6171
0.6171
0.6161
0.6146
0.6143
0.6134
0.6131
0.6125
0.6119
0.6113
0.6122
0.6119
0.6128
0.6143
0.6125
0.6143
0.6152
0.6143
0.6149
0.6158
0.6158
0.6146
0.6158
0.6146
0.6152
0.6149
0.6158
0.6165
0.6155
0.6174
0.6180
0.6168
0.6171
0.6171
0.6155
0.6168
0.6149
0.6149
0.6149
0.6146
0.6152
0.6146
0.6149
0.6168
0.6165
0.6158
0.6152
0.6168
0.6165
0.6168
0.6161
0.6174
0.6168
0.6168
0.6180
0.6171
0.6186
0.6183
0.6183
0.6180
0.6174
0.6168
0.6168
0.6165
0.6174
0.6174
0.6177
0.6177
0.6177
0.6192
0.6195
0.6192
0.6189
0.6192
0.6186
0.6192
0.6192
0.6186
0.6201
0.6192
0.6195
0.6201
0.6198
0.6204
0.6201
0.6198
0.6186
0.6201
0.6180
0.6177
0.6180
0.6171
0.6161
0.6168
0.6158
0.6171
0.6158
0.6168
0.6168
0.6171
0.6177
0.6177
0.6189
0.6192
0.6192
0.6195
0.6207
0.6210
0.6213
0.6201
0.6204
0.6198
0.6180
0.6183
0.6183
0.6186
0.6171
0.6165
0.6152
0.6140
0.6131
0.6122
0.6125
0.6122
0.6107
0.6110
0.6110
0.6104
0.6100
0.6097
0.6116
0.6119
0.6125
0.6119
0.6122
0.6140
0.6146
0.6137
0.6146
0.6131
0.6146
0.6140
0.6140
0.6113
0.6125
0.6116
0.6119
0.6119
0.6122
0.6128
0.6140
0.6143
0.6143
0.6137
0.6143
0.6131
0.6131
0.6140
0.6128
0.6143
0.6140
0.6134
0.6143
0.6146
0.6140
0.6143
0.6140
0.6146
0.6155
0.6146
0.6155
0.6146
0.6146
0.6161
0.6146
0.6158
0.6171
0.6177
0.6180
0.6180
0.6195
0.6201
0.6201
0.6216
0.6213
0.6216
0.6229
0.6229
0.6235
0.6223
0.6229
0.6219
0.6216
0.6204
0.6207
0.6201
0.6198
0.6189
0.6195
0.6192
0.6189
0.6180
0.6186
0.6177
0.6177
0.6171
0.6177
0.6165
0.6158
0.6149
0.6143
0.6131
0.6125
0.6134
0.6137
0.6131
0.6140
0.6134
0.6152
0.6165
0.6174
0.6168
0.6168
0.6183
0.6177
0.6189
0.6192
0.6192
0.6198
0.6201
0.6213
0.6213
0.6223
0.6213
0.6226
0.6223
0.6223
0.6226
0.6223
0.6229
0.6229
0.6207
0.6210
0.6213
0.6192
0.6192
0.6195
0.6186
0.6171
0.6174
0.6168
0.6161
0.6177
0.6161
0.6168
0.6161
0.6174
0.6171
0.6171
0.6180
0.6171
0.6180
0.6177
0.6168
0.6161
0.6171
0.6171
0.6168
0.6171
0.6149
0.6161
0.6152
0.6161
0.6168
0.6177
0.6171
0.6174
0.6174
0.6189
0.6177
0.6192
0.6174
0.6174
0.6186
0.6171
0.6174
0.6171
0.6171
0.6174
0.6180
0.6195
0.6168
0.6152
0.6158
0.6143
0.6140
0.6140
0.6131
0.6143
0.6128
0.6134
0.6113
0.6125
0.6122
0.6110
0.6119
0.6116
0.6113
0.6128
0.6128
0.6143
0.6134
0.6137
0.6137
0.6140
0.6143
0.6152
0.6143
0.6155
0.6155
0.6143
0.6149
0.6146
0.6146
0.6143
0.6137
0.6137
0.6140
0.6134
0.6137
0.6140
0.6122
0.6131
0.6131
0.6137
0.6140
0.6140
0.6143
0.6149
0.6155
0.6161
0.6158
0.6161
0.6161
0.6152
0.6161
0.6158
0.6168
0.6165
0.6168
0.6165
0.6171
0.6168
0.6161
0.6171
0.6168
0.6168
0.6180
0.6171
0.6171
0.6168
0.6186
0.6186
0.6174
0.6180
0.6186
0.6165
0.6168
0.6168
0.6152
0.6155
0.6158
0.6158
0.6158
0.6152
0.6158
0.6161
0.6137
0.6168
0.6161
0.6155
0.6140
0.6140
0.6140
0.6155
0.6161
0.6155
0.6155
0.6174
0.6183
0.6189
0.6192
0.6198
0.6198
0.6204
0.6216
0.6213
0.6201
0.6213
0.6198
0.6189
0.6183
0.6198
0.6192
0.6180
0.6180
0.6180
0.6183
0.6174
0.6174
0.6183
0.6168
0.6177
0.6174
0.6168
0.6174
0.6183
0.6174
0.6177
0.6171
0.6180
0.6161
0.6168
0.6158
0.6168
0.6165
0.6158
0.6152
0.6161
0.6149
0.6146
0.6137
0.6137
0.6125
0.6128
0.6125
0.6125
0.6122
0.6128
0.6125
0.6122
0.6143
0.6146
0.6146
0.6149
0.6137
0.6146
0.6161
0.6165
0.6155
0.6168
0.6168
0.6186
0.6174
0.6186
0.6189
0.6195
0.6189
0.6195
0.6186
0.6183
0.6183
0.6180
0.6174
0.6186
0.6174
0.6161
0.6161
0.6152
0.6140
0.6134
0.6137
0.6143
0.6122
0.6128
0.6134
0.6116
0.6119
0.6125
0.6110
0.6113
0.6125
0.6125
0.6116
0.6122
0.6122
0.6107
0.6116
0.6107
0.6097
0.6097
0.6079
0.6088
0.6088
0.6091
0.6094
0.6082
0.6094
0.6088
0.6091
0.6094
0.6104
0.6094
0.6116
0.6104
0.6116
0.6119
0.6122
0.6104
0.6122
0.6107
0.6104
0.6107
0.6104
0.6119
0.6122
0.6110
0.6125
0.6113
0.6119
0.6122
0.6113
0.6113
0.6122
0.6116
0.6122
0.6131
0.6131
0.6122
0.6125
0.6125
0.6116
0.6125
0.6113
0.6113
0.6122
0.6104
0.6113
0.6100
0.6104
0.6100
0.6100
0.6104
0.6107
0.6110
0.6110
0.6116
0.6107
0.6113
0.6122
0.6116
0.6128
0.6128
0.6140
0.6140
0.6152
0.6146
0.6149
0.6149
0.6168
0.6161
0.6152
0.6171
0.6152
0.6174
0.6161
0.6168
0.6177
0.6161
0.6168
0.6155
0.6158
0.6174
0.6152
0.6168
0.6155
0.6161
0.6161
0.6146
0.6165
0.6165
0.6155
0.6165
0.6161
0.6155
0.6149
0.6155
0.6146
0.6146
0.6149
0.6149
0.6143
0.6149
0.6158
0.6165
0.6152
0.6152
0.6161
0.6161
0.6174
0.6165
0.6174
0.6177
0.6186
0.6171
0.6180
0.6177
0.6183
0.6189
0.6180
0.6189
0.6192
0.6174
0.6174
0.6174
0.6161
0.6146
0.6155
0.6149
0.6143
0.6137
0.6134
0.6134
0.6134
0.6137
0.6140
0.6134
0.6140
0.6146
0.6155
0.6152
0.6155
0.6165
0.6165
0.6180
0.6174
0.6186
0.6189
0.6192
0.6201
0.6198
0.6195
0.6207
0.6195
0.6204
0.6186
0.6195
0.6186
0.6171
0.6177
0.6177
0.6168
0.6158
0.6140
0.6155
0.6149
0.6137
0.6134
0.6134
0.6131
0.6134
0.6128
0.6140
0.6137
0.6125
0.6134
0.6134
0.6149
0.6140
0.6140
0.6146
0.6143
0.6137
0.6137
0.6137
0.6134
0.6137
0.6140
0.6131
0.6128
0.6131
0.6122
0.6137
0.6125
0.6128
0.6128
0.6125
0.6122
0.6116
0.6125
0.6113
0.6110
0.6122
0.6107
0.6125
0.6128
0.6125
0.6128
0.6134
0.6134
0.6131
0.6140
0.6122
0.6122
0.6122
0.6122
0.6128
0.6113
0.6119
0.6110
0.6097
0.6100
0.6097
0.6082
0.6085
0.6076
0.6079
0.6082
0.6079
0.6079
0.6088
0.6088
0.6097
0.6100
0.6104
0.6107
0.6116
0.6110
0.6107
0.6122
0.6110
0.6116
0.6125
0.6128
0.6137
0.6131
0.6131
0.6140
0.6134
0.6149
0.6155
0.6149
0.6143
0.6149
0.6158
0.6155
0.6155
0.6155
0.6155
0.6171
0.6161
0.6171
0.6168
0.6158
0.6161
0.6165
0.6165
0.6161
0.6158
0.6165
0.6158
0.6168
0.6158
0.6168
0.6161
0.6161
0.6168
0.6165
0.6146
0.6152
0.6155
0.6149
0.6152
0.6155
0.6155
0.6165
0.6161
0.6155
0.6152
0.6168
0.6149
0.6158
0.6155
0.6155
0.6161
0.6161
0.6158
0.6155
0.6152
0.6158
0.6168
0.6155
0.6165
0.6186
0.6183
0.6183
0.6174
0.6180
0.6177
0.6174
0.6177
0.6171
0.6177
0.6168
0.6168
0.6174
0.6152
0.6161
0.6165
0.6171
0.6180
0.6180
0.6171
0.6180
0.6177
0.6186
0.6186
0.6171
0.6171
0.6177
0.6183
0.6171
0.6161
0.6171
0.6168
0.6155
0.6152
0.6149
0.6143
0.6155
0.6152
0.6155
0.6155
0.6149
0.6161
0.6152
0.6168
0.6155
0.6161
0.6174
0.6165
0.6165
0.6174
0.6183
0.6186
0.6183
0.6180
0.6174
0.6186
0.6186
0.6168
0.6174
0.6177
0.6174
0.6177
0.6177
0.6168
0.6174
0.6183
0.6180
0.6171
0.6189
0.6183
0.6186
0.6186
0.6192
0.6174
0.6168
0.6168
0.6168
0.6158
0.6180
0.6165
0.6149
0.6152
0.6143
0.6137
0.6143
0.6134
0.6128
0.6131
0.6128
0.6128
0.6125
0.6125
0.6113
0.6116
0.6128
0.6107
0.6110
0.6107
0.6113
0.6128
0.6131
0.6128
0.6131
0.6134
0.6134
0.6122
0.6137
0.6122
0.6134
0.6125
0.6125
0.6128
0.6125
0.6107
0.6113
0.6119
0.6122
0.6104
0.6119
0.6104
0.6104
0.6104
0.6107
0.6110
0.6113
0.6116
0.6110
0.6128
0.6119
0.6110
0.6125
0.6116
0.6116
0.6110
0.6116
0.6119
0.6107
0.6110
0.6116
0.6107
0.6097
0.6110
0.6116
0.6107
0.6116
0.6116
0.6104
0.6107
0.6097
0.6097
0.6085
0.6082
0.6085
0.6079
0.6076
0.6079
0.6070
0.6058
0.6073
0.6061
0.6055
0.6064
0.6055
0.6061
0.6067
0.6055
0.6055
0.6055
0.6058
0.6067
0.6067
0.6073
0.6058
0.6064
0.6070
0.6067
0.6076
0.6073
0.6070
0.6085
0.6082
0.6085
0.6094
0.6094
0.6116
0.6097
0.6116
0.6116
0.6128
0.6131
0.6143
0.6149
0.6146
0.6149
0.6143
0.6140
0.6143
0.6122
0.6137
0.6143
0.6122
0.6125
0.6125
0.6125
0.6143
0.6128
0.6125
0.6125
0.6116
0.6113
0.6113
0.6107
0.6097
0.6100
0.6097
0.6110
0.6094
0.6100
0.6097
0.6097
0.6107
0.6113
0.6110
0.6100
0.6119
0.6107
0.6110
0.6122
0.6122
0.6119
0.6125
0.6128
0.6134
0.6131
0.6128
0.6125
0.6119
0.6125
0.6116
0.6116
0.6094
0.6094
0.6094
0.6094
0.6091
0.6094
0.6085
0.6097
0.6097
0.6091
0.6094
0.6104
0.6113
0.6107
0.6119
0.6125
0.6128
0.6116
0.6119
0.6119
0.6122
0.6119
0.6116
0.6122
0.6113
0.6110
0.6131
0.6110
0.6125
0.6119
0.6125
0.6128
0.6116
0.6116
0.6125
0.6125
0.6134
0.6128
0.6125
0.6140
0.6149
0.6143
0.6152
0.6161
0.6174
0.6165
0.6174
0.6180
0.6177
0.6183
0.6165
0.6180
0.6168
0.6186
0.6174
0.6165
0.6174
0.6174
0.6177
0.6161
0.6161
0.6177
0.6171
0.6180
0.6174
0.6180
0.6180
0.6171
0.6183
0.6189
0.6192
0.6195
0.6186
0.6204
0.6207
0.6201
0.6192
0.6210
0.6207
0.6201
0.6189
0.6186
0.6177
0.6171
0.6143
0.6143
0.6134
0.6131
0.6091
0.6113
0.6113
0.6110
0.6100
0.6107
0.6116
0.6116
0.6116
0.6134
0.6107
0.6113
0.6119
0.6128
0.6143
0.6149
0.6152
0.6152
0.6152
0.6140
0.6152
0.6149
0.6137
0.6134
0.6137
0.6140
0.6140
0.6143
0.6131
0.6128
0.6134
0.6131
0.6128
0.6128
0.6119
0.6116
0.6110
0.6128
0.6128
0.6125
0.6131
0.6131
0.6131
0.6149
0.6143
0.6149
0.6165
0.6158
0.6165
0.6168
0.6165
0.6168
0.6177
0.6165
0.6180
0.6180
0.6168
0.6168
0.6177
0.6177
0.6180
0.6171
0.6180
0.6186
0.6186
0.6186
0.6189
0.6189
0.6180
0.6192
0.6195
0.6192
0.6186
0.6174
0.6177
0.6174
0.6149
0.6143
0.6137
0.6128
0.6125
0.6104
0.6110
0.6113
0.6110
0.6119
0.6107
0.6119
0.6116
0.6128
0.6119
0.6122
0.6116
0.6122
0.6116
0.6122
0.6119
0.6104
0.6100
0.6094
0.6091
0.6091
0.6094
0.6088
0.6097
0.6085
0.6088
0.6082
0.6091
0.6097
0.6094
0.6091
0.6100
0.6100
0.6094
0.6107
0.6116
0.6116
0.6131
0.6125
0.6143
0.6149
0.6146
0.6152
0.6149
0.6152
0.6140
0.6155
0.6158
0.6161
0.6161
0.6155
0.6165
0.6155
0.6168
0.6165
0.6155
0.6158
0.6143
0.6149
0.6155
0.6140
0.6143
0.6155
0.6137
0.6140
0.6137
0.6146
0.6131
0.6131
0.6137
0.6134
0.6128
0.6137
0.6137
0.6140
0.6131
0.6149
0.6146
0.6134
0.6140
0.6140
0.6140
0.6143
0.6128
0.6143
0.6137
0.6146
0.6143
0.6140
0.6149
0.6131
0.6143
0.6137
0.6131
0.6146
0.6134
0.6140
0.6128
0.6146
0.6140
0.6122
0.6128
0.6128
0.6113
0.6119
0.6104
0.6119
0.6122
0.6116
0.6116
0.6100
0.6104
0.6113
0.6107
0.6107
0.6107
0.6094
0.6100
0.6110
0.6107
0.6110
0.6113
0.6113
0.6113
0.6116
0.6107
0.6100
0.6104
0.6094
0.6097
0.6107
0.6104
0.6100
0.6088
0.6094
0.6082
0.6097
0.6094
0.6097
0.6100
0.6091
0.6088
0.6091
0.6094
0.6104
0.6100
0.6113
0.6110
0.6107
0.6107
0.6113
0.6113
0.6116
0.6125
0.6119
0.6125
0.6116
0.6116
0.6113
0.6128
0.6140
0.6140
0.6131
0.6143
0.6134
0.6137
0.6137
0.6140
0.6149
0.6155
0.6161
0.6171
0.6171
0.6177
0.6189
0.6183
0.6180
0.6186
0.6186
0.6195
0.6204
0.6195
0.6195
0.6195
0.6186
0.6180
0.6180
0.6180
0.6171
0.6158
0.6161
0.6155
0.6161
0.6155
0.6149
0.6143
0.6146
0.6146
0.6140
0.6155
0.6149
0.6146
0.6143
0.6128
0.6137
0.6140
0.6134
0.6134
0.6137
0.6143
0.6137
0.6137
0.6137
0.6134
0.6131
0.6122
