0.4642
0.4675
0.4672
0.4669
0.4672
0.4666
0.4678
0.4663
0.4666
0.4663
0.4663
0.4666
0.4666
0.4675
0.4669
0.4672
0.4672
0.4669
0.4669
0.4675
0.4678
0.4672
0.4672
0.4684
0.4687
0.4675
0.4687
0.4675
0.4691
0.4672
0.4687
0.4684
0.4678
0.4694
0.4681
0.4681
0.4691
0.4694
0.4694
0.4675
0.4675
0.4678
0.4681
0.4687
0.4669
0.4678
0.4669
0.4678
0.4672
0.4672
0.4672
0.4666
0.4669
0.4669
0.4663
0.4669
0.4669
0.4666
0.4672
0.4657
0.4666
0.4654
0.4666
0.4663
0.4648
0.4654
0.4648
0.4651
0.4654
0.4636
0.4639
0.4645
0.4633
0.4642
0.4633
0.4630
0.4630
0.4639
0.4639
0.4636
0.4630
0.4642
0.4648
0.4642
0.4639
0.4639
0.4642
0.4630
0.4642
0.4636
0.4630
0.4648
0.4645
0.4639
0.4642
0.4639
0.4645
0.4654
0.4648
0.4648
0.4633
0.4642
0.4642
0.4651
0.4639
0.4645
0.4645
0.4651
0.4651
0.4642
0.4648
0.4639
0.4642
0.4651
0.4648
0.4654
0.4648
0.4645
0.4636
0.4630
0.4636
0.4651
0.4639
0.4642
0.4639
0.4642
0.4663
0.4642
0.4648
0.4651
0.4648
0.4651
0.4642
0.4654
0.4648
0.4678
0.4651
0.4642
0.4651
0.4639
0.4639
0.4642
0.4633
0.4645
0.4633
0.4630
0.4648
0.4636
0.4633
0.4626
0.4633
0.4633
0.4639
0.4639
0.4623
0.4626
0.4642
0.4639
0.4645
0.4630
0.4633
0.4642
0.4639
0.4630
0.4639
0.4642
0.4642
0.4654
0.4660
0.4651
0.4660
0.4675
0.4669
0.4681
0.4678
0.4678
0.4672
0.4697
0.4694
0.4684
0.4697
0.4694
0.4697
0.4700
0.4694
0.4700
0.4700
0.4709
0.4706
0.4709
0.4703
0.4715
0.4706
0.4706
0.4700
0.4706
0.4712
0.4712
0.4703
0.4712
0.4703
0.4700
0.4703
0.4712
0.4700
0.4709
0.4715
0.4709
0.4706
0.4700
0.4718
0.4712
0.4718
0.4703
0.4703
0.4709
0.4694
0.4700
0.4706
0.4706
0.4703
0.4697
0.4697
0.4709
0.4691
0.4709
0.4706
0.4706
0.4700
0.4703
0.4697
0.4706
0.4706
0.4712
0.4709
0.4706
0.4709
0.4706
0.4706
0.4691
0.4691
0.4706
0.4703
0.4694
0.4691
0.4691
0.4700
0.4691
0.4681
0.4684
0.4684
0.4687
0.4675
0.4681
0.4691
0.4678
0.4684
0.4694
0.4681
0.4694
0.4687
0.4687
0.4687
0.4691
0.4684
0.4687
0.4694
0.4691
0.4691
0.4694
0.4697
0.4703
0.4712
0.4703
0.4694
0.4700
0.4700
0.4703
0.4709
0.4694
0.4703
0.4691
0.4703
0.4700
0.4687
0.4697
0.4697
0.4694
0.4691
0.4703
0.4687
0.4703
0.4706
0.4706
0.4706
0.4709
0.4712
0.4703
0.4709
0.4706
0.4700
0.4687
0.4703
0.4712
0.4706
0.4697
0.4709
0.4691
0.4691
0.4691
0.4697
0.4684
0.4678
0.4687
0.4687
0.4672
0.4678
0.4672
0.4675
0.4666
0.4663
0.4675
0.4675
0.4675
0.4660
0.4666
0.4669
0.4663
0.4663
0.4651
0.4663
0.4660
0.4660
0.4663
0.4663
0.4651
0.4651
0.4648
0.4660
0.4642
0.4657
0.4651
0.4663
0.4651
0.4651
0.4645
0.4633
0.4639
0.4651
0.4651
0.4648
0.4648
0.4639
0.4642
0.4657
0.4657
0.4642
0.4648
0.4642
0.4648
0.4642
0.4648
0.4648
0.4645
0.4645
0.4651
0.4651
0.4648
0.4654
0.4645
0.4645
0.4648
0.4648
0.4648
0.4642
0.4645
0.4642
0.4642
0.4648
0.4639
0.4651
0.4660
0.4642
0.4648
0.4642
0.4648
0.4663
0.4660
0.4654
0.4651
0.4654
0.4657
0.4654
0.4657
0.4648
0.4654
0.4654
0.4651
0.4648
0.4639
0.4651
0.4642
0.4657
0.4657
0.4648
0.4639
0.4648
0.4654
0.4642
0.4648
0.4648
0.4639
0.4633
0.4633
0.4639
0.4626
0.4633
0.4633
0.4623
0.4626
0.4636
0.4639
0.4623
0.4639
0.4620
0.4626
0.4645
0.4630
0.4633
0.4630
0.4639
0.4639
0.4639
0.4630
0.4639
0.4639
0.4636
0.4630
0.4636
0.4633
0.4630
0.4633
0.4633
0.4639
0.4626
0.4645
0.4645
0.4630
0.4648
0.4642
0.4648
0.4648
0.4651
0.4645
0.4651
0.4660
0.4657
0.4636
0.4651
0.4660
0.4648
0.4666
0.4657
0.4645
0.4651
0.4648
0.4642
0.4648
0.4651
0.4642
0.4651
0.4645
0.4645
0.4657
0.4651
0.4645
0.4648
0.4642
0.4654
0.4648
0.4657
0.4651
0.4648
0.4645
0.4657
0.4657
0.4657
0.4648
0.4651
0.4648
0.4642
0.4654
0.4657
0.4648
0.4642
0.4651
0.4642
0.4648
0.4651
0.4639
0.4636
0.4633
0.4642
0.4645
0.4633
0.4626
0.4639
0.4633
0.4623
0.4623
0.4626
0.4633
0.4636
0.4633
0.4626
0.4626
0.4633
0.4636
0.4633
0.4623
0.4623
0.4620
0.4626
0.4620
0.4617
0.4626
0.4626
0.4614
0.4626
0.4608
0.4611
0.4620
0.4611
0.4623
0.4620
0.4611
0.4611
0.4605
0.4611
0.4602
0.4602
0.4605
0.4608
0.4608
0.4614
0.4602
0.4605
0.4620
0.4608
0.4608
0.4617
0.4617
0.4630
0.4614
0.4620
0.4617
0.4623
0.4623
0.4626
0.4614
0.4620
0.4617
0.4608
0.4620
0.4611
0.4630
0.4626
0.4617
0.4623
0.4623
0.4630
0.4626
0.4617
0.4623
0.4630
0.4626
0.4633
0.4626
0.4630
0.4633
0.4630
0.4626
0.4626
0.4630
0.4633
0.4633
0.4633
0.4626
0.4626
0.4630
0.4626
0.4630
0.4636
0.4630
0.4633
0.4630
0.4636
0.4633
0.4639
0.4639
0.4639
0.4645
0.4642
0.4636
0.4636
0.4639
0.4648
0.4660
0.4654
0.4639
0.4645
0.4660
0.4657
0.4657
0.4657
0.4660
0.4654
0.4642
0.4642
0.4642
0.4642
0.4657
0.4639
0.4645
0.4648
0.4648
0.4636
0.4633
0.4663
0.4639
0.4639
0.4639
0.4633
0.4630
0.4633
0.4645
0.4645
0.4639
0.4642
0.4642
0.4645
0.4639
0.4654
0.4648
0.4639
0.4645
0.4648
0.4648
0.4642
0.4633
0.4642
0.4639
0.4639
0.4639
0.4648
0.4648
0.4648
0.4636
0.4642
0.4630
0.4636
0.4636
0.4636
0.4645
0.4630
0.4630
0.4645
0.4636
0.4645
0.4633
0.4642
0.4633
0.4633
0.4648
0.4639
0.4645
0.4639
0.4645
0.4645
0.4651
0.4648
0.4657
0.4648
0.4660
0.4654
0.4657
0.4648
0.4660
0.4663
0.4642
0.4660
0.4654
0.4654
0.4663
0.4651
0.4657
0.4654
0.4657
0.4663
0.4663
0.4654
0.4666
0.4660
0.4657
0.4657
0.4666
0.4654
0.4657
0.4660
0.4654
0.4663
0.4654
0.4651
0.4660
0.4669
0.4651
0.4657
0.4663
0.4654
0.4654
0.4651
0.4669
0.4666
0.4648
0.4657
0.4648
0.4660
0.4651
0.4651
0.4648
0.4648
0.4660
0.4657
0.4651
0.4645
0.4639
0.4642
0.4657
0.4639
0.4636
0.4654
0.4639
0.4645
0.4678
0.4645
0.4651
0.4651
0.4648
0.4651
0.4648
0.4645
0.4642
0.4651
0.4651
0.4642
0.4645
0.4651
0.4648
0.4639
0.4642
0.4642
0.4651
0.4636
0.4639
0.4633
0.4639
0.4642
0.4639
0.4639
0.4642
0.4648
0.4651
0.4645
0.4639
0.4636
0.4648
0.4645
0.4642
0.4639
0.4642
0.4654
0.4651
0.4648
0.4648
0.4663
0.4645
0.4651
0.4660
0.4660
0.4648
0.4654
0.4660
0.4654
0.4654
0.4657
0.4657
0.4663
0.4648
0.4654
0.4651
0.4648
0.4651
0.4648
0.4648
0.4651
0.4666
0.4657
0.4654
0.4660
0.4654
0.4654
0.4657
0.4660
0.4660
0.4660
0.4666
0.4672
0.4657
0.4669
0.4660
0.4654
0.4654
0.4663
0.4651
0.4660
0.4648
0.4660
0.4654
0.4651
0.4648
0.4663
0.4666
0.4651
0.4663
0.4654
0.4648
0.4657
0.4642
0.4648
0.4645
0.4639
0.4648
0.4639
0.4651
0.4639
0.4648
0.4639
0.4626
0.4642
0.4642
0.4642
0.4648
0.4648
0.4645
0.4651
0.4645
0.4639
0.4654
0.4651
0.4642
0.4657
0.4651
0.4654
0.4648
0.4651
0.4654
0.4648
0.4648
0.4651
0.4657
0.4645
0.4645
0.4660
0.4645
0.4654
0.4654
0.4654
0.4654
0.4651
0.4648
0.4648
0.4654
0.4651
0.4648
0.4639
0.4636
0.4642
0.4648
0.4651
0.4648
0.4630
0.4639
0.4642
0.4633
0.4639
0.4636
0.4639
0.4639
0.4645
0.4642
0.4636
0.4639
0.4642
0.4654
0.4657
0.4654
0.4654
0.4651
0.4651
0.4654
0.4660
0.4660
0.4660
0.4657
0.4648
0.4663
0.4666
0.4657
0.4657
0.4651
0.4654
0.4654
0.4654
0.4648
0.4660
0.4666
0.4666
0.4663
0.4663
0.4663
0.4663
0.4669
0.4663
0.4657
0.4663
0.4669
0.4660
0.4672
0.4672
0.4666
0.4657
0.4666
0.4663
0.4666
0.4666
0.4672
0.4660
0.4663
0.4669
0.4663
0.4669
0.4663
0.4678
0.4651
0.4672
0.4660
0.4666
0.4660
0.4669
0.4666
0.4669
0.4678
0.4666
0.4663
0.4666
0.4672
0.4684
0.4669
0.4675
0.4666
0.4669
0.4675
0.4660
0.4672
0.4657
0.4660
0.4663
0.4654
0.4663
0.4663
0.4666
0.4666
0.4663
0.4645
0.4648
0.4669
0.4660
0.4654
0.4663
0.4660
0.4660
0.4657
0.4657
0.4669
0.4654
0.4663
0.4654
0.4666
0.4651
0.4639
0.4645
0.4651
0.4651
0.4651
0.4642
0.4648
0.4645
0.4639
0.4645
0.4654
0.4660
0.4651
0.4654
0.4651
0.4654
0.4651
0.4663
0.4654
0.4663
0.4657
0.4648
0.4654
0.4648
0.4645
0.4660
0.4648
0.4648
0.4651
0.4651
0.4648
0.4651
0.4657
0.4651
0.4651
0.4639
0.4651
0.4645
0.4633
0.4648
0.4636
0.4639
0.4648
0.4651
0.4648
0.4633
0.4639
0.4648
0.4651
0.4645
0.4651
0.4639
0.4645
0.4642
0.4639
0.4639
0.4639
0.4639
0.4639
0.4645
0.4642
0.4645
0.4642
0.4639
0.4633
0.4639
0.4639
0.4633
0.4639
0.4648
0.4639
0.4654
0.4648
0.4642
0.4654
0.4648
0.4666
0.4648
0.4654
0.4645
0.4654
0.4660
0.4651
0.4648
0.4663
0.4651
0.4666
0.4669
0.4654
0.4666
0.4660
0.4672
0.4660
0.4672
0.4669
0.4675
0.4675
0.4675
0.4675
0.4681
0.4669
0.4672
0.4709
0.4672
0.4678
0.4675
0.4687
0.4681
0.4672
0.4672
0.4669
0.4684
0.4672
0.4669
0.4678
0.4672
0.4681
0.4672
0.4678
0.4687
0.4675
0.4675
0.4687
0.4681
0.4691
0.4681
0.4691
0.4687
0.4684
0.4687
0.4684
0.4703
0.4703
0.4697
0.4687
0.4687
0.4700
0.4691
0.4691
0.4691
0.4697
0.4687
0.4684
0.4684
0.4687
0.4681
0.4687
0.4687
0.4691
0.4678
0.4687
0.4678
0.4687
0.4684
0.4687
0.4684
0.4687
0.4687
0.4694
0.4694
0.4687
0.4687
0.4700
0.4687
0.4694
0.4691
0.4694
0.4700
0.4687
0.4687
0.4687
0.4697
0.4687
0.4694
0.4770
0.4687
0.4684
0.4687
0.4694
0.4681
0.4678
0.4694
0.4691
0.4681
0.4687
0.4691
0.4691
0.4691
0.4678
0.4684
0.4691
0.4691
0.4694
0.4678
0.4687
0.4672
0.4684
0.4681
0.4666
0.4678
0.4672
0.4669
0.4663
0.4660
0.4678
0.4672
0.4660
0.4672
0.4675
0.4669
0.4675
0.4672
0.4669
0.4666
0.4660
0.4663
0.4660
0.4666
0.4663
0.4663
0.4651
0.4654
0.4666
0.4648
0.4651
0.4654
0.4654
0.4660
0.4651
0.4648
0.4642
0.4645
0.4645
0.4642
0.4660
0.4642
0.4648
0.4660
0.4654
0.4648
0.4648
0.4648
0.4645
0.4648
0.4651
0.4648
0.4642
0.4651
0.4639
0.4642
0.4648
0.4648
0.4648
0.4633
0.4642
0.4642
0.4639
0.4636
0.4651
0.4633
0.4633
0.4648
0.4645
0.4642
0.4651
0.4645
0.4645
0.4657
0.4648
0.4648
0.4636
0.4660
0.4639
0.4645
0.4651
0.4642
0.4639
0.4639
0.4642
0.4660
0.4648
0.4642
0.4648
0.4645
0.4642
0.4639
0.4645
0.4651
0.4639
0.4639
0.4645
0.4651
0.4645
0.4642
0.4645
0.4648
0.4654
0.4648
0.4651
0.4651
0.4642
0.4654
0.4663
0.4657
0.4648
0.4651
0.4651
0.4666
0.4651
0.4660
0.4657
0.4663
0.4654
0.4666
0.4675
0.4663
0.4669
0.4672
0.4672
0.4666
0.4675
0.4678
0.4669
0.4669
0.4678
0.4678
0.4678
0.4672
0.4666
0.4669
0.4669
0.4663
0.4675
0.4666
0.4654
0.4651
0.4660
0.4660
0.4660
0.4660
0.4639
0.4660
0.4660
0.4645
0.4648
0.4642
0.4660
0.4660
0.4654
0.4654
0.4660
0.4651
0.4657
0.4651
0.4654
0.4648
0.4654
0.4645
0.4657
0.4663
0.4654
0.4639
0.4657
0.4651
0.4654
0.4642
0.4648
0.4654
0.4654
0.4663
0.4657
0.4651
0.4657
0.4648
0.4657
0.4666
0.4660
0.4666
0.4660
0.4669
0.4672
0.4666
0.4663
0.4672
0.4669
0.4660
0.4666
0.4663
0.4706
0.4672
0.4675
0.4672
0.4675
0.4669
0.4672
0.4681
0.4669
0.4675
0.4681
0.4684
0.4672
0.4672
0.4678
0.4675
0.4681
0.4669
0.4669
0.4672
0.4684
0.4663
0.4666
0.4666
0.4672
0.4660
0.4666
0.4672
0.4660
0.4663
0.4657
0.4669
0.4654
0.4672
0.4657
0.4657
0.4660
0.4663
0.4663
0.4672
0.4663
0.4651
0.4669
0.4666
0.4657
0.4669
0.4669
0.4654
0.4657
0.4669
0.4669
0.4654
0.4666
0.4654
0.4660
0.4663
0.4657
0.4657
0.4657
0.4660
0.4663
0.4678
0.4660
0.4672
0.4678
0.4669
0.4681
0.4672
0.4678
0.4691
0.4681
0.4675
0.4687
0.4675
0.4681
0.4672
0.4675
0.4687
0.4675
0.4681
0.4675
0.4681
0.4678
0.4669
0.4672
0.4675
0.4681
0.4675
0.4678
0.4678
0.4672
0.4672
0.4669
0.4675
0.4669
0.4663
0.4660
0.4672
0.4678
0.4669
0.4672
0.4660
0.4666
0.4660
0.4663
0.4678
0.4666
0.4660
0.4657
0.4660
0.4672
0.4669
0.4669
0.4657
0.4672
