   1.1035608e-01   4.8162037e+01
   2.1790235e-01   2.7416202e+01
   6.5632668e-01   1.2225711e+01
   1.6774860e+00   6.5781962e+00
   4.0909183e+00   4.0367849e+00
   7.5287184e+00   2.9890298e+00
   1.0958134e+01   2.5720391e+00
   1.5949686e+01   2.3415026e+00
   2.1637260e+01   2.2132215e+00
   3.0763045e+01   2.0530453e+00
   4.2723608e+01   1.9773583e+00
   5.4019758e+01   1.9044615e+00
   6.9923928e+01   1.8342521e+00
   9.4858432e+01   1.7015029e+00
   1.2278608e+02   1.5783610e+00
   1.6270870e+02   1.4641312e+00
   2.1561175e+02   1.3581685e+00
   2.8571569e+02   1.2364334e+00
   3.6983437e+02   1.1686945e+00
   4.3583948e+02   1.1046666e+00
   5.6415670e+02   1.0441466e+00
   6.8062440e+02   9.8694220e-01
   6.8062440e+02   9.8694220e-01
   8.2113636e+02   9.5055785e-01
   1.0382454e+03   9.3287180e-01
   1.2823195e+03   9.1551482e-01
   1.6213656e+03   8.8176369e-01
   2.0025215e+03   8.8176369e-01
   2.5319895e+03   8.8176369e-01
   3.2774425e+03   8.8176369e-01
   4.2423673e+03   8.9848079e-01
   5.4913794e+03   9.3287180e-01
   6.6250509e+03   9.6857919e-01
   7.9927639e+03   1.0056534e+00
   9.6428354e+03   1.0639423e+00
   1.1909705e+04   1.0841132e+00
   1.5058638e+04   1.1046666e+00
   1.9040152e+04   1.0639423e+00
   2.4645839e+04   1.0441466e+00
   3.1162215e+04   1.0247192e+00
   3.9401524e+04   1.0247192e+00
   4.7535798e+04   1.0247192e+00
   5.8710670e+04   1.0441466e+00
   7.0831233e+04   1.0639423e+00
   8.7482471e+04   1.0841132e+00
   1.1061289e+05   1.1046666e+00
   1.3035421e+05   1.1256097e+00
   1.5726527e+05   1.1256097e+00
   1.8973200e+05   1.1046666e+00
   2.2359387e+05   1.0441466e+00
   2.5738943e+05   9.8694220e-01
   2.8942302e+05   8.8176369e-01
   3.3316847e+05   8.0272961e-01
   3.6594666e+05   7.4463414e-01
   4.1149081e+05   6.5290027e-01
   4.3125792e+05   5.6181608e-01
   4.6270319e+05   3.7166297e-01
   4.6270319e+05   3.6561645e-01
   4.7368645e+05   2.9114792e-01
   5.7147697e+05   2.6505180e-01
   7.3972776e+05   2.8573083e-01
   8.9244135e+05   3.0229214e-01
