0.1584
0.1578
0.1550
0.1596
0.1593
0.1587
0.1584
0.1581
0.1578
0.1584
0.1566
0.1572
0.1572
0.1566
0.1556
0.1566
0.1544
0.1544
0.1538
0.1532
0.1535
0.1529
0.1535
0.1535
0.1532
0.1535
0.1541
0.1547
0.1569
0.1556
0.1566
0.1584
0.1529
0.1569
0.1584
0.1581
0.1566
0.1572
0.1569
0.1575
0.1590
0.1599
0.1590
0.1587
0.1599
0.1599
0.1596
0.1599
0.1614
0.1599
0.1614
0.1605
0.1614
0.1611
0.1617
0.1608
0.1605
0.1605
0.1590
0.1593
0.1578
0.1593
0.1587
0.1578
0.1572
0.1581
0.1572
0.1572
0.1569
0.1566
0.1562
0.1566
0.1562
0.1566
0.1572
0.1575
0.1581
0.1584
0.1569
0.1578
0.1584
0.1572
0.1587
0.1569
0.1562
0.1569
0.1581
0.1578
0.1578
0.1587
0.1578
0.1575
0.1572
0.1562
0.1553
0.1562
0.1535
0.1569
0.1572
0.1562
0.1599
0.1578
0.1566
0.1581
0.1590
0.1587
0.1602
0.1614
0.1617
0.1599
0.1627
0.1627
0.1633
0.1630
0.1633
0.1636
0.1648
0.1648
0.1642
0.1645
0.1648
0.1645
0.1627
0.1639
0.1611
0.1617
0.1617
0.1605
0.1578
0.1584
0.1599
0.1599
0.1605
0.1605
0.1611
0.1624
0.1633
0.1636
0.1624
0.1627
0.1630
0.1636
0.1633
0.1645
0.1645
0.1654
0.1648
0.1648
0.1639
0.1636
0.1617
0.1608
0.1608
0.1608
0.1599
0.1590
0.1605
0.1599
0.1599
0.1599
0.1596
0.1587
0.1593
0.1575
0.1587
0.1584
0.1590
0.1596
0.1587
0.1596
0.1602
0.1608
0.1614
0.1627
0.1639
0.1639
0.1636
0.1642
0.1627
0.1645
0.1648
0.1642
0.1657
0.1657
0.1642
0.1639
0.1633
0.1639
0.1645
0.1636
0.1627
0.1605
0.1590
0.1581
0.1590
0.1581
0.1590
0.1584
0.1584
0.1584
0.1605
0.1596
0.1602
0.1614
0.1624
0.1617
0.1639
0.1630
0.1651
0.1639
0.1642
0.1648
0.1636
0.1645
0.1636
0.1642
0.1648
0.1627
0.1596
0.1630
0.1633
0.1602
0.1605
0.1602
0.1590
0.1596
0.1599
0.1596
0.1590
0.1587
0.1608
0.1614
0.1627
0.1636
0.1639
0.1639
0.1663
0.1651
0.1654
0.1654
0.1648
0.1645
0.1636
0.1636
0.1633
0.1633
0.1630
0.1620
0.1633
0.1614
0.1624
0.1627
0.1627
0.1630
0.1627
0.1620
0.1624
0.1630
0.1630
0.1633
0.1627
0.1645
0.1645
0.1642
0.1648
0.1648
0.1645
0.1636
0.1645
0.1617
0.1627
0.1624
0.1624
0.1624
0.1617
0.1627
0.1630
0.1614
0.1620
0.1608
0.1627
0.1617
0.1602
0.1614
0.1602
0.1611
0.1605
0.1620
0.1614
0.1620
0.1614
0.1630
0.1627
0.1627
0.1636
0.1630
0.1639
0.1654
0.1654
0.1666
0.1669
0.1666
0.1675
0.1660
0.1660
0.1645
0.1645
0.1645
0.1636
0.1624
0.1614
0.1617
0.1599
0.1599
0.1590
0.1596
0.1608
0.1590
0.1602
0.1587
0.1611
0.1608
0.1602
0.1611
0.1608
0.1614
0.1617
0.1614
0.1620
0.1608
0.1617
0.1624
0.1624
0.1630
0.1614
0.1614
0.1627
0.1617
0.1617
0.1624
0.1624
0.1630
0.1642
0.1651
0.1636
0.1648
0.1660
0.1654
0.1645
0.1645
0.1639
0.1645
0.1651
0.1639
0.1633
0.1636
0.1608
0.1605
0.1614
0.1602
0.1614
0.1611
0.1614
0.1614
0.1602
0.1599
0.1605
0.1593
0.1611
0.1614
0.1620
0.1614
0.1602
0.1611
0.1611
0.1611
0.1614
0.1624
0.1620
0.1627
0.1627
0.1627
0.1627
0.1630
0.1620
0.1630
0.1627
0.1602
0.1614
0.1605
0.1596
0.1596
0.1578
0.1575
0.1578
0.1566
0.1559
0.1541
0.1535
0.1523
0.1526
0.1529
0.1538
0.1541
0.1544
0.1550
0.1559
0.1559
0.1566
0.1544
0.1559
0.1553
0.1562
0.1556
0.1562
0.1556
0.1562
0.1578
0.1587
0.1587
0.1608
0.1602
0.1605
0.1599
0.1611
0.1611
0.1608
0.1602
0.1596
0.1578
0.1572
0.1569
0.1562
0.1562
0.1572
0.1578
0.1572
0.1569
0.1581
0.1602
0.1611
0.1617
0.1617
0.1611
0.1620
0.1624
0.1627
0.1639
0.1642
0.1630
0.1642
0.1639
0.1639
0.1645
0.1633
0.1645
0.1654
0.1645
0.1648
0.1660
0.1651
0.1645
0.1651
0.1642
0.1642
0.1642
0.1639
0.1630
0.1614
0.1627
0.1614
0.1624
0.1633
0.1620
0.1624
0.1614
0.1620
0.1617
0.1624
0.1620
0.1614
0.1614
0.1614
0.1624
0.1627
0.1639
0.1645
0.1654
0.1660
0.1660
0.1672
0.1672
0.1648
0.1657
0.1633
0.1642
0.1633
0.1642
0.1639
0.1642
0.1654
0.1654
0.1645
0.1642
0.1648
0.1648
0.1642
0.1617
0.1620
0.1596
0.1599
0.1587
0.1587
0.1575
0.1562
0.1566
0.1559
0.1556
0.1556
0.1556
0.1547
0.1553
0.1550
0.1562
0.1553
0.1562
0.1544
0.1547
0.1547
0.1566
0.1559
0.1575
0.1572
0.1569
0.1572
0.1566
0.1569
0.1572
0.1559
0.1541
0.1544
0.1526
0.1538
0.1541
0.1547
0.1547
0.1556
0.1572
0.1562
0.1566
0.1566
0.1553
0.1547
0.1559
0.1572
0.1572
0.1572
0.1590
0.1593
0.1605
0.1608
0.1605
0.1608
0.1624
0.1611
0.1614
0.1596
0.1596
0.1575
0.1578
0.1562
0.1569
0.1559
0.1544
0.1547
0.1544
0.1562
0.1556
0.1584
0.1593
0.1602
0.1605
0.1602
0.1620
0.1602
0.1608
0.1602
0.1611
0.1611
0.1602
0.1593
0.1596
0.1599
0.1614
0.1608
0.1614
0.1624
0.1624
0.1630
0.1617
0.1620
0.1611
0.1593
0.1587
0.1578
0.1587
0.1587
0.1599
0.1593
0.1605
0.1608
0.1627
0.1627
0.1620
0.1605
0.1599
0.1590
0.1596
0.1596
0.1587
0.1602
0.1614
0.1608
0.1614
0.1614
0.1617
0.1605
0.1605
0.1627
0.1617
0.1627
0.1633
0.1620
0.1633
0.1630
0.1627
0.1620
0.1605
0.1611
0.1596
0.1593
0.1596
0.1587
0.1590
0.1569
0.1575
0.1578
0.1578
0.1578
0.1596
0.1599
0.1620
0.1620
0.1624
0.1617
0.1639
0.1648
0.1633
0.1633
0.1624
0.1624
0.1617
0.1614
0.1605
0.1605
0.1605
0.1611
0.1608
0.1590
0.1593
0.1578
0.1581
0.1566
0.1578
0.1562
0.1572
0.1578
0.1569
0.1590
0.1590
0.1599
0.1596
0.1596
0.1608
0.1602
0.1593
0.1608
0.1611
0.1602
0.1599
0.1599
0.1602
0.1587
0.1584
0.1581
0.1593
0.1602
0.1617
0.1617
0.1624
0.1636
0.1642
0.1651
0.1660
0.1636
0.1645
0.1642
0.1639
0.1636
0.1630
0.1645
0.1639
0.1630
0.1611
0.1611
0.1590
0.1590
0.1569
0.1569
0.1562
0.1569
0.1572
0.1572
0.1587
0.1593
0.1602
0.1599
0.1611
0.1620
0.1633
0.1648
0.1657
0.1636
0.1648
0.1645
0.1654
0.1648
0.1642
0.1660
0.1657
0.1666
0.1669
0.1675
0.1669
0.1672
0.1660
0.1663
0.1654
0.1663
0.1654
0.1660
0.1654
0.1651
0.1648
0.1648
0.1645
0.1654
0.1648
0.1663
0.1648
0.1654
0.1654
0.1642
0.1651
0.1639
0.1642
0.1642
0.1630
0.1617
0.1611
0.1620
0.1602
0.1605
0.1608
0.1617
0.1620
0.1617
0.1611
0.1614
0.1627
0.1636
0.1630
0.1630
0.1648
0.1645
0.1657
0.1657
0.1660
0.1669
0.1666
0.1666
0.1672
0.1666
0.1660
0.1660
0.1663
0.1657
0.1657
0.1657
0.1663
0.1663
0.1672
0.1675
0.1669
0.1678
0.1669
0.1669
0.1645
0.1651
0.1651
0.1651
0.1669
0.1678
0.1672
0.1666
0.1691
0.1688
0.1694
0.1703
0.1688
0.1703
0.1709
0.1715
0.1703
0.1691
0.1697
0.1697
0.1697
0.1685
0.1685
0.1663
0.1666
0.1651
0.1648
0.1657
0.1648
0.1654
0.1666
0.1672
0.1675
0.1675
0.1669
0.1682
0.1672
0.1672
0.1666
0.1682
0.1672
0.1672
0.1675
0.1666
0.1678
0.1678
0.1672
0.1675
0.1672
0.1660
0.1678
0.1660
0.1657
0.1651
0.1654
0.1660
0.1648
0.1636
0.1633
0.1620
0.1617
0.1624
0.1605
0.1611
0.1605
0.1596
0.1608
0.1614
0.1614
0.1627
0.1617
0.1639
0.1636
0.1663
0.1666
0.1685
0.1688
0.1682
0.1682
0.1675
0.1675
0.1691
0.1688
0.1691
0.1688
0.1682
0.1666
0.1663
0.1642
0.1627
0.1636
0.1617
0.1602
0.1602
0.1593
0.1599
0.1593
0.1590
0.1581
0.1523
0.1566
0.1572
0.1572
0.1569
0.1584
0.1587
0.1572
0.1584
0.1581
0.1593
0.1593
0.1602
0.1602
0.1599
0.1611
0.1596
0.1599
0.1599
0.1596
0.1590
0.1593
0.1590
0.1608
0.1624
0.1624
0.1639
0.1627
0.1636
0.1639
0.1642
0.1651
0.1651
0.1633
0.1645
0.1636
0.1617
0.1617
0.1602
0.1620
0.1602
0.1599
0.1593
0.1590
0.1599
0.1593
0.1587
0.1587
0.1581
0.1599
0.1608
0.1590
0.1614
0.1602
0.1605
0.1611
0.1620
0.1636
0.1642
0.1645
0.1660
0.1666
0.1682
0.1675
0.1675
0.1678
0.1669
0.1660
0.1648
0.1660
0.1663
0.1654
0.1648
0.1657
0.1654
0.1663
0.1669
0.1691
0.1685
0.1706
0.1709
0.1715
0.1721
0.1715
0.1724
0.1736
0.1721
0.1730
0.1715
0.1718
0.1706
0.1709
0.1694
0.1672
0.1678
0.1666
0.1666
0.1660
0.1663
0.1657
0.1654
0.1642
0.1633
0.1627
0.1636
0.1624
0.1624
0.1636
0.1620
0.1630
0.1648
0.1636
0.1648
0.1639
0.1630
0.1620
0.1627
0.1627
0.1602
0.1602
0.1602
0.1599
0.1602
0.1599
0.1596
0.1593
0.1608
0.1605
0.1602
0.1605
0.1605
0.1611
0.1602
0.1593
0.1602
0.1599
0.1599
0.1599
0.1599
0.1593
0.1590
0.1578
0.1575
0.1559
0.1569
0.1569
0.1556
0.1562
0.1566
0.1566
0.1578
0.1575
0.1569
0.1578
0.1584
0.1575
0.1578
0.1572
0.1553
0.1550
0.1553
0.1547
0.1526
0.1532
0.1529
0.1529
0.1520
0.1529
0.1535
0.1550
0.1566
0.1566
0.1572
0.1587
0.1599
0.1633
0.1639
0.1639
0.1630
0.1654
0.1657
0.1651
0.1633
0.1627
0.1636
0.1627
0.1614
0.1611
0.1620
0.1624
0.1620
0.1611
0.1605
0.1599
0.1608
0.1575
0.1596
0.1605
0.1599
0.1593
0.1611
0.1596
0.1605
0.1599
0.1596
0.1599
0.1596
0.1605
0.1596
0.1611
0.1605
0.1602
0.1596
0.1608
0.1611
0.1602
0.1590
0.1602
0.1599
0.1599
0.1596
0.1602
0.1596
0.1602
0.1608
0.1611
0.1602
0.1611
0.1590
0.1593
0.1590
0.1581
0.1578
0.1569
0.1559
0.1566
0.1569
0.1569
0.1566
0.1572
0.1569
0.1559
0.1559
0.1562
0.1566
0.1562
0.1569
0.1569
0.1572
0.1569
0.1562
0.1553
0.1562
0.1538
0.1541
0.1523
0.1523
0.1517
0.1514
0.1508
0.1523
0.1514
0.1514
0.1520
0.1523
0.1526
0.1541
0.1538
0.1514
0.1520
0.1511
0.1523
0.1517
0.1535
0.1529
0.1538
0.1535
0.1538
0.1532
0.1550
0.1569
0.1578
0.1587
0.1593
0.1614
0.1630
0.1639
0.1648
0.1654
0.1663
0.1663
0.1672
0.1688
0.1682
0.1672
0.1657
0.1648
0.1648
0.1642
0.1645
0.1642
0.1636
0.1636
0.1620
0.1617
0.1611
0.1608
0.1614
0.1608
0.1617
0.1620
0.1596
0.1602
0.1605
0.1599
0.1599
0.1605
0.1602
0.1617
0.1630
0.1624
0.1630
0.1639
0.1627
0.1624
0.1636
0.1630
0.1620
0.1617
0.1608
0.1620
0.1602
0.1620
0.1611
0.1617
0.1605
0.1620
0.1611
0.1624
0.1636
0.1639
0.1614
0.1605
0.1596
0.1596
0.1581
0.1572
0.1581
0.1575
0.1562
0.1566
0.1544
0.1538
0.1538
0.1553
0.1544
0.1541
0.1553
0.1538
0.1544
0.1544
0.1547
0.1553
0.1556
0.1572
0.1578
0.1578
0.1572
0.1578
0.1578
0.1581
0.1581
0.1578
0.1596
0.1587
0.1590
0.1602
0.1599
0.1596
0.1599
0.1608
0.1590
0.1599
0.1590
0.1590
0.1590
0.1575
0.1566
0.1550
0.1559
0.1556
0.1566
0.1566
0.1566
0.1562
0.1566
0.1572
0.1572
0.1581
0.1572
0.1569
0.1562
0.1578
0.1578
0.1596
0.1599
0.1627
0.1636
0.1639
0.1654
0.1651
0.1648
0.1642
0.1642
0.1633
0.1624
0.1624
0.1620
0.1627
0.1639
0.1636
0.1636
0.1645
0.1669
0.1669
0.1672
0.1660
0.1666
0.1660
0.1648
0.1648
0.1654
0.1666
0.1654
0.1675
0.1672
0.1672
0.1685
0.1678
0.1669
0.1651
0.1630
0.1624
0.1630
0.1617
0.1630
0.1627
0.1636
0.1636
0.1627
0.1617
0.1617
0.1620
0.1624
0.1620
0.1624
0.1617
0.1633
0.1620
0.1620
0.1624
0.1624
0.1627
0.1608
0.1599
0.1581
0.1569
0.1575
0.1575
0.1578
0.1569
0.1569
0.1572
0.1578
0.1581
0.1593
0.1602
0.1587
0.1584
0.1566
0.1569
0.1572
0.1572
0.1584
0.1596
0.1590
0.1599
0.1614
0.1620
0.1617
0.1620
0.1633
0.1627
0.1627
0.1633
0.1636
0.1620
0.1620
0.1624
0.1624
0.1627
0.1617
0.1614
0.1614
0.1608
0.1620
0.1608
0.1614
0.1605
0.1590
0.1584
0.1584
0.1581
0.1575
0.1572
0.1572
0.1562
0.1559
0.1559
0.1566
0.1569
0.1572
0.1569
0.1581
0.1581
0.1566
0.1556
0.1562
0.1566
0.1550
0.1569
0.1553
0.1569
0.1556
0.1572
0.1572
0.1562
0.1553
0.1541
0.1550
0.1550
0.1541
0.1529
0.1538
0.1544
0.1532
0.1526
0.1529
0.1511
0.1532
0.1523
0.1529
0.1523
0.1529
0.1523
0.1517
0.1529
0.1529
0.1535
0.1538
0.1544
0.1553
0.1553
0.1562
0.1572
0.1575
0.1581
0.1587
0.1593
0.1593
0.1596
0.1584
0.1575
0.1575
0.1581
0.1587
0.1590
0.1596
0.1593
0.1599
0.1614
0.1617
0.1627
0.1627
0.1642
0.1645
0.1645
0.1642
0.1639
0.1642
0.1630
0.1627
0.1639
0.1630
0.1620
0.1611
