0.1221
0.1221
0.1221
0.1221
0.1184
0.1254
0.1260
0.1279
0.1273
0.1297
0.1303
0.1312
0.1315
0.1321
0.1340
0.1349
0.1340
0.1340
0.1321
0.1297
0.1279
0.1263
0.1227
0.1221
0.1196
0.1184
0.1184
0.1154
0.1138
0.1126
0.1120
0.1096
0.1086
0.1102
0.1096
0.1102
0.1108
0.1114
0.1111
0.1135
0.1117
0.1114
0.1114
0.1111
0.1117
0.1132
0.1135
0.1129
0.1132
0.1117
0.1129
0.1114
0.1099
0.1096
0.1089
0.1108
0.1102
0.1114
0.1102
0.1108
0.1111
0.1114
0.1099
0.1086
0.1083
0.1077
0.1074
0.1056
0.1025
0.1028
0.1010
0.1019
0.1010
0.1025
0.1044
0.1044
0.1044
0.1050
0.1041
0.1053
0.1053
0.1068
0.1086
0.1089
0.1126
0.1126
0.1132
0.1138
0.1144
0.1141
0.1154
0.1157
0.1157
0.1157
0.1160
0.1154
0.1166
0.1172
0.1160
0.1175
0.1169
0.1178
0.1184
0.1193
0.1202
0.1205
0.1233
0.1242
0.1251
0.1270
0.1270
0.1273
0.1276
0.1279
0.1273
0.1273
0.1266
0.1248
0.1239
0.1266
0.1230
0.1227
0.1230
0.1212
0.1187
0.1181
0.1169
0.1160
0.1144
0.1138
0.1132
0.1132
0.1126
0.1123
0.1138
0.1129
0.1120
0.1126
0.1132
0.1132
0.1135
0.1144
0.1135
0.1144
0.1126
0.1129
0.1123
0.1108
0.1105
0.1102
0.1093
0.1096
0.1080
0.1044
0.1083
0.1077
0.1096
0.1114
0.1132
0.1160
0.1172
0.1172
0.1187
0.1184
0.1193
0.1196
0.1215
0.1242
0.1248
0.1248
0.1239
0.1245
0.1221
0.1205
0.1205
0.1218
0.1215
0.1224
0.1224
0.1221
0.1233
0.1236
0.1230
0.1224
0.1193
0.1178
0.1160
0.1135
0.1135
0.1129
0.1114
0.1102
0.1093
0.1080
0.1099
0.1093
0.1080
0.1077
0.1096
0.1089
0.1099
0.1089
0.1096
0.1105
0.1105
0.1108
0.1114
0.1111
0.1108
0.1093
0.1074
0.1050
0.1025
0.1025
0.1007
0.1004
0.0995
0.0998
0.0992
0.1004
0.1016
0.1010
0.1035
0.1053
0.1056
0.1059
0.1056
0.1065
0.1071
0.1062
0.1053
0.1050
0.1047
0.1065
0.1068
0.1083
0.1083
0.1083
0.1071
0.1086
0.1089
0.1093
0.1089
0.1074
0.1050
0.1035
0.1038
0.1028
0.1044
0.1044
0.1047
0.1059
0.1059
0.1053
0.1068
0.1062
0.1065
0.1062
0.1038
0.1038
0.1013
0.1010
0.1025
0.1010
0.1016
0.0992
0.0986
0.0970
0.0964
0.0949
0.0943
0.0931
0.0912
0.0909
0.0903
0.0882
0.0903
0.0919
0.0922
0.0949
0.0949
0.0974
0.0961
0.0980
0.0977
0.0989
0.0995
0.1007
0.1010
0.1028
0.1038
0.1050
0.1065
0.1062
0.1056
0.1041
0.1044
0.1050
0.1041
0.1047
0.1035
0.1035
0.1025
0.1001
0.0992
0.0995
0.0986
0.1004
0.1022
0.1050
0.1047
0.1071
0.1086
0.1077
0.1086
0.1077
0.1093
0.1093
0.1086
0.1108
0.1099
0.1108
0.1129
0.1123
0.1132
0.1129
0.1105
0.1089
0.1077
0.1068
0.1050
0.1056
0.1050
0.1071
0.1089
0.1102
0.1126
0.1132
0.1126
0.1126
0.1126
0.1117
0.1120
0.1102
0.1105
0.1096
0.1089
0.1074
0.1056
0.1059
0.1062
0.1047
0.1050
0.1056
0.1047
0.1031
0.1035
0.1022
0.1013
0.1025
0.1035
0.1065
0.1105
0.1138
0.1163
0.1175
0.1205
0.1215
0.1233
0.1239
0.1239
0.1254
0.1257
0.1263
0.1260
0.1270
0.1263
0.1236
0.1230
0.1236
0.1230
0.1218
0.1199
0.1187
0.1169
0.1160
0.1147
0.1126
0.1111
0.1108
0.1086
0.1089
0.1065
0.1053
0.1041
0.1028
0.1035
0.1025
0.1035
0.1038
0.1056
0.1077
0.1099
0.1123
0.1114
0.1117
0.1123
0.1111
0.1126
0.1126
0.1111
0.1111
0.1111
0.1086
0.1080
0.1071
0.1050
0.1038
0.1028
0.1010
0.1013
0.1016
0.1016
0.1019
0.1025
0.1028
0.1047
0.1053
0.1062
0.1071
0.1080
0.1080
0.1086
0.1096
0.1126
0.1135
0.1166
0.1172
0.1193
0.1199
0.1184
0.1178
0.1163
0.1138
0.1126
0.1123
0.1108
0.1105
0.1083
0.1080
0.1096
0.1102
0.1099
0.1099
0.1102
0.1086
0.1077
0.1059
0.1047
0.1010
0.1007
0.0992
0.0983
0.0986
0.1010
0.1004
0.1016
0.1004
0.0977
0.0977
0.0977
0.0974
0.0974
0.0989
0.0989
0.1016
0.1035
0.1053
0.1068
0.1089
0.1108
0.1163
0.1135
0.1144
0.1138
0.1154
0.1151
0.1160
0.1163
0.1151
0.1141
0.1138
0.1129
0.1129
0.1129
0.1123
0.1138
0.1132
0.1126
0.1126
0.1114
0.1089
0.1080
0.1059
0.1031
0.1025
0.1013
0.1004
0.1007
0.1010
0.1004
0.1007
0.1016
0.1025
0.1028
0.1028
0.1041
0.1038
0.1059
0.1065
0.1062
0.1056
0.1059
0.1056
0.1056
0.1059
0.1050
0.1053
0.1050
0.1047
0.1038
0.1050
0.1050
0.1044
0.1056
0.1059
0.1086
0.1077
0.1080
0.1083
0.1080
0.1083
0.1080
0.1071
0.1083
0.1080
0.1093
0.1083
0.1077
0.1080
0.1086
0.1108
0.1123
0.1135
0.1157
0.1178
0.1196
0.1199
0.1193
0.1190
0.1193
0.1181
0.1175
0.1151
0.1141
0.1126
0.1096
0.1086
0.1053
0.1044
0.1025
0.1019
0.1019
0.1013
0.1019
0.1013
0.1013
0.0998
0.1010
0.1031
0.1038
0.1031
0.1038
0.1053
0.1071
0.1053
0.1077
0.1086
0.1096
0.1102
0.1111
0.1108
0.1108
0.1089
0.1083
0.1068
0.1062
0.1056
0.1047
0.1059
0.1044
0.1062
0.1056
0.1080
0.1077
0.1105
0.1117
0.1151
0.1144
0.1163
0.1175
0.1184
0.1187
0.1181
0.1175
0.1169
0.1166
0.1151
0.1135
0.1108
0.1080
0.1083
0.1056
0.1050
0.1035
0.1019
0.1022
0.1007
0.1004
0.1001
0.1007
0.1025
0.1050
0.1053
0.1074
0.1111
0.1144
0.1157
0.1160
0.1178
0.1175
0.1175
0.1187
0.1181
0.1181
0.1187
0.1175
0.1166
0.1151
0.1160
0.1157
0.1163
0.1169
0.1181
0.1169
0.1172
0.1163
0.1154
0.1151
0.1129
0.1129
0.1117
0.1099
0.1083
0.1089
0.1105
0.1126
0.1144
0.1147
0.1154
0.1160
0.1157
0.1138
0.1126
0.1111
0.1105
0.1083
0.1093
0.1071
0.1050
0.1041
0.1010
0.1001
0.0983
0.0983
0.0992
0.1004
0.1004
0.1001
0.1013
0.1016
0.1016
0.1019
0.1019
0.1038
0.1038
0.1035
0.1056
0.1105
0.1074
0.1071
0.1083
0.1096
0.1102
0.1099
0.1096
0.1105
0.1108
0.1117
0.1138
0.1135
0.1147
0.1129
0.1111
0.1108
0.1108
0.1105
0.1126
0.1138
0.1138
0.1138
0.1135
0.1117
0.1108
0.1123
0.1123
0.1126
0.1123
0.1126
0.1132
0.1129
0.1151
0.1147
0.1154
0.1163
0.1175
0.1193
0.1181
0.1181
0.1187
0.1184
0.1181
0.1190
0.1172
0.1172
0.1163
0.1154
0.1138
0.1114
0.1099
0.1071
0.1056
0.1038
0.1041
0.1028
0.1019
0.0998
0.0983
0.0980
0.0974
0.0970
0.0961
0.0974
0.0964
0.0974
0.0980
0.0986
0.1001
0.0998
0.1004
0.1010
0.1019
0.1035
0.1028
0.1050
0.1059
0.1080
0.1086
0.1077
0.1083
0.1074
0.1053
0.1041
0.1044
0.1038
0.1016
0.1028
0.1031
0.1038
0.1041
0.1035
0.1028
0.1035
0.1035
0.1035
0.1041
0.1047
0.1050
0.1065
0.1062
0.1080
0.1089
0.1108
0.1117
0.1135
0.1144
0.1141
0.1166
0.1172
0.1178
0.1166
0.1181
0.1175
0.1178
0.1154
0.1157
0.1135
0.1129
0.1132
0.1123
0.1105
0.1089
0.1089
0.1074
0.1068
0.1083
0.1077
0.1071
0.1053
0.1041
0.1028
0.1019
0.1001
0.0998
0.0992
0.0983
0.0980
0.0967
0.0961
0.0955
0.0940
0.0967
0.0958
0.0955
0.0952
0.0946
0.0928
0.0912
0.0916
0.0912
0.0906
0.0919
0.0916
0.0943
0.0940
0.0946
0.0949
0.0943
0.0943
0.0952
0.0952
0.0961
0.0986
0.1001
0.1001
0.1004
0.1019
0.1022
0.1035
0.1044
0.1041
0.1050
0.1059
0.1059
0.1062
0.1056
0.1050
0.1047
0.1035
0.1035
0.1053
0.1059
0.1096
0.1114
0.1117
0.1123
0.1147
0.1151
0.1160
0.1166
0.1184
0.1181
0.1196
0.1193
0.1175
0.1181
0.1175
0.1166
0.1144
0.1138
0.1117
0.1096
0.1099
0.1099
0.1099
0.1077
0.1053
0.1062
0.1050
0.1050
0.1035
0.1044
0.1041
0.1053
0.1047
0.1056
0.1059
0.1077
0.1089
0.1102
0.1126
0.1135
0.1135
0.1144
0.1151
0.1151
0.1163
0.1172
0.1175
0.1166
0.1172
0.1187
0.1187
0.1175
0.1190
0.1187
0.1187
0.1196
0.1184
0.1184
0.1172
0.1147
0.1144
0.1135
0.1129
0.1129
0.1138
0.1135
0.1126
0.1132
0.1144
0.1163
0.1154
0.1157
0.1154
0.1154
0.1151
0.1129
0.1114
0.1099
0.1065
0.1059
0.1062
0.1050
0.1053
0.1047
0.1059
0.1062
0.1050
0.1041
0.1035
0.1041
0.1022
0.1010
0.1013
0.1001
0.1016
0.1041
0.1044
0.1059
0.1053
0.1050
0.1050
0.1035
0.1019
0.0989
0.0967
0.0949
0.0946
0.0952
0.0949
0.0958
0.0949
0.0943
0.0937
0.0922
0.0928
0.0916
0.0934
0.0943
0.0928
0.0952
0.0952
0.0964
0.0958
0.0977
0.1001
0.1019
0.1035
0.1050
0.1041
0.1053
0.1053
0.1071
0.1074
0.1089
0.1114
0.1114
0.1123
0.1114
0.1108
0.1096
0.1086
0.1077
0.1074
0.1059
0.1071
0.1074
0.1074
0.1086
0.1089
0.1126
0.1120
0.1147
0.1151
0.1163
0.1163
0.1166
0.1169
0.1166
0.1138
0.1129
0.1114
0.1096
0.1093
0.1074
0.1065
0.1077
0.1077
0.1086
0.1093
0.1111
0.1126
0.1129
0.1154
0.1172
0.1184
0.1205
0.1224
0.1215
0.1230
0.1230
0.1221
0.1212
0.1215
0.1193
0.1175
0.1163
0.1141
0.1135
0.1114
0.1108
0.1093
0.1083
0.1077
0.1089
0.1086
0.1099
0.1102
0.1123
0.1114
0.1132
0.1147
0.1157
0.1144
0.1126
0.1111
0.1102
0.1080
0.1074
0.1062
0.1068
0.1077
0.1089
0.1080
0.1111
0.1123
0.1111
0.1111
0.1099
0.1093
0.1096
0.1102
0.1108
0.1099
0.1089
0.1111
0.1114
0.1117
0.1123
0.1132
0.1132
0.1138
0.1123
0.1117
0.1123
0.1126
0.1126
0.1111
0.1108
0.1077
0.1062
0.1068
0.1050
0.1028
0.1019
0.1022
0.1013
0.0998
0.0989
0.0974
0.0961
0.0937
0.0928
0.0916
0.0903
0.0894
0.0900
0.0906
0.0919
0.0943
0.0970
0.1010
0.1041
0.1080
0.1096
0.1132
0.1132
0.1135
0.1126
0.1114
0.1108
0.1105
0.1089
0.1111
0.1120
0.1129
0.1151
0.1147
0.1135
0.1147
0.1138
0.1132
0.1132
0.1151
0.1157
0.1178
0.1181
0.1166
0.1172
0.1166
0.1151
0.1132
0.1129
0.1114
0.1111
0.1105
0.1077
0.1056
0.1062
0.1065
0.1065
0.1093
0.1083
0.1093
0.1099
0.1096
0.1111
0.1102
0.1114
0.1135
0.1157
0.1184
0.1196
0.1205
0.1208
0.1221
0.1212
0.1208
0.1199
0.1184
0.1187
0.1172
0.1154
0.1138
0.1135
0.1132
0.1126
0.1126
0.1117
0.1129
0.1126
0.1129
0.1138
0.1123
0.1111
0.1108
0.1102
0.1068
0.1056
0.1041
0.1038
0.1028
0.1016
0.0995
0.0980
0.0952
0.0943
0.0943
0.0934
0.0934
0.0934
0.0940
0.0934
0.0937
0.0952
0.0946
0.0952
0.0974
0.0995
0.1019
0.1047
0.1071
0.1068
0.1077
0.1077
0.1086
0.1080
0.1068
0.1089
0.1080
0.1108
0.1132
0.1138
0.1132
0.1132
0.1132
0.1117
0.1114
0.1108
0.1105
0.1080
0.1074
0.1077
0.1071
0.1068
0.1086
0.1096
0.1102
0.1089
0.1099
0.1096
0.1105
0.1099
0.1099
0.1093
0.1099
0.1096
0.1089
0.1093
0.1086
0.1080
0.1086
0.1093
0.1108
0.1123
0.1138
0.1147
0.1141
0.1138
0.1132
0.1135
0.1123
0.1117
0.1111
0.1096
0.1108
0.1089
0.1093
0.1080
0.1071
0.1059
0.1059
0.1050
0.1038
0.1022
0.1010
0.1001
0.0992
0.0992
0.0977
0.0967
0.0980
0.0977
0.0955
0.0955
0.0943
0.0940
0.0931
0.0934
0.0928
0.0931
0.0949
0.0949
0.0961
0.0983
0.0977
0.0986
0.0980
0.0977
0.0980
0.0983
0.0983
0.0992
0.0986
0.0980
0.0958
0.0967
0.0955
0.0949
0.0943
0.0934
0.0946
0.0937
0.0934
0.0925
0.0928
0.0952
0.0946
0.0955
0.0980
0.0992
0.1007
0.1016
0.1031
0.1044
0.1053
0.1056
0.1044
0.1053
0.1050
0.1044
0.1056
0.1044
0.1050
0.1041
0.1047
0.1053
0.1038
0.1044
0.1035
0.1028
0.1041
0.1038
0.1050
0.1044
0.1044
0.1053
0.1068
0.1059
0.1065
0.1077
0.1068
0.1074
0.1086
0.1074
0.1080
0.1111
0.1126
0.1132
0.1151
0.1151
0.1154
0.1138
0.1138
0.1138
0.1132
0.1138
0.1129
0.1132
0.1108
0.1108
0.1093
0.1089
0.1077
0.1071
0.1068
0.1059
0.1053
0.1065
0.1038
0.1035
0.1019
0.1010
0.1016
0.0989
0.1010
0.1004
0.1025
0.1031
0.1044
0.1059
0.1050
0.1038
0.1056
0.1062
0.1047
0.1050
0.1041
0.1050
0.1025
0.1025
0.1013
0.1019
0.1025
0.1025
0.1013
0.1025
0.1001
0.0992
0.0992
0.0983
0.0986
0.0986
0.0989
0.0989
0.0986
0.0977
0.0980
0.0967
0.0980
0.0995
0.0992
0.0998
0.0986
0.0977
0.0967
0.0970
0.0961
0.0958
0.0958
0.0961
0.0955
0.0970
0.0995
0.1007
0.1044
0.1068
0.1093
0.1093
0.1089
0.1102
0.1111
0.1099
0.1102
0.1105
0.1089
0.1096
0.1096
0.1102
0.1086
0.1096
0.1089
0.1089
0.1089
0.1059
0.1059
0.1035
0.1013
0.0974
0.0970
0.0940
0.0943
0.0909
0.0909
0.0897
0.0882
0.0897
0.0894
0.0903
0.0909
0.0925
